100;720;506;0.0010471343994140625
100;631;458;0.0009620189666748047
100;639;456;0.001039743423461914
100;625;438;0.0012218952178955078
100;655;502;0.0010585784912109375
100;696;477;0.0012102127075195312
100;672;449;0.0012898445129394531
100;728;517;0.0011820793151855469
100;715;447;0.0009353160858154297
100;688;461;0.0009427070617675781
200;1621;1029;0.0021986961364746094
200;1600;955;0.0026481151580810547
200;1615;1056;0.002254486083984375
200;1725;1090;0.0023293495178222656
200;1682;1157;0.002371549606323242
200;1695;998;0.002137422561645508
200;1829;1183;0.002605438232421875
200;1637;943;0.0022563934326171875
200;1678;1034;0.0021517276763916016
200;1854;1229;0.0023725032806396484
300;2616;1614;0.003525972366333008
300;2772;1732;0.0036165714263916016
300;3247;2099;0.004458189010620117
300;2570;1702;0.0034232139587402344
300;2952;1909;0.0041637420654296875
300;2716;1689;0.0034134387969970703
300;2940;1651;0.003961086273193359
300;2708;1813;0.003672361373901367
300;2987;2376;0.004178762435913086
300;2712;1866;0.0034894943237304688
400;3688;2203;0.005133628845214844
400;3699;2151;0.006908893585205078
400;3635;2335;0.005728960037231445
400;3557;2323;0.0051310062408447266
400;3661;2298;0.005913496017456055
400;3633;2527;0.005995750427246094
400;3678;2324;0.005949735641479492
400;3675;2440;0.00565338134765625
400;3680;2447;0.0049800872802734375
400;3621;2227;0.005947589874267578
500;4815;3102;0.006750345230102539
500;5394;3244;0.00837850570678711
500;4814;3033;0.006816387176513672
500;5052;3305;0.007005929946899414
500;5290;2954;0.007033109664916992
500;4850;3163;0.009122610092163086
500;4782;2880;0.006474733352661133
500;4930;3141;0.007626771926879883
500;4882;3309;0.007128477096557617
500;4952;3127;0.006798744201660156
600;6312;3563;0.0086822509765625
600;5900;3759;0.00859975814819336
600;6058;3915;0.008539676666259766
600;5995;3858;0.008083820343017578
600;6385;3859;0.008873462677001953
600;6232;3667;0.009218692779541016
600;6141;3992;0.009946346282958984
600;5786;3589;0.008356571197509766
600;6275;3643;0.008347034454345703
600;6201;3690;0.008000612258911133
700;7263;4430;0.010022401809692383
700;7135;4510;0.009803533554077148
700;7982;4929;0.01091766357421875
700;7501;4395;0.009974956512451172
700;8084;5034;0.011117696762084961
700;7084;4825;0.011066913604736328
700;7083;4049;0.009601116180419922
700;7703;5037;0.010584831237792969
700;7151;4255;0.009779691696166992
700;7680;5188;0.010907649993896484
800;9368;5921;0.012546539306640625
800;8339;5046;0.011075735092163086
800;9950;5724;0.014380216598510742
800;9167;5395;0.012981891632080078
800;8685;4766;0.011100053787231445
800;8681;5648;0.01233673095703125
800;8809;5283;0.01251530647277832
800;8463;5146;0.011592626571655273
800;9300;5346;0.012308597564697266
800;8319;5326;0.011502981185913086
900;9444;5917;0.01437067985534668
900;10322;6430;0.014023065567016602
900;10043;6087;0.013446331024169922
900;12171;7880;0.016785621643066406
900;9867;6164;0.013908624649047852
900;9681;6334;0.01856255531311035
900;10122;6171;0.01495051383972168
900;9956;6658;0.014057159423828125
900;9849;6285;0.013583898544311523
900;10356;6421;0.014530658721923828
1000;11811;7760;0.01821112632751465
1000;11648;8031;0.01914691925048828
1000;11908;7954;0.01759052276611328
1000;11593;7292;0.015698909759521484
1000;10795;6643;0.014484882354736328
1000;11048;6493;0.015187263488769531
1000;11211;6924;0.01565074920654297
1000;11161;6965;0.017209529876708984
1000;11142;6602;0.015503644943237305
1000;11103;7029;0.01520681381225586
1100;12658;7748;0.017421483993530273
1100;12483;6676;0.016367435455322266
1100;11783;6947;0.015556812286376953
1100;13163;7243;0.019922971725463867
1100;12672;7405;0.01759028434753418
1100;13386;7548;0.019578218460083008
1100;13128;7848;0.018955707550048828
1100;13196;7577;0.018466472625732422
1100;12439;8178;0.01909494400024414
1100;12729;8302;0.019327163696289062
1200;13705;8887;0.019785165786743164
1200;14143;8467;0.01908564567565918
1200;12820;7753;0.017450332641601562
1200;13902;8253;0.0207674503326416
1200;13723;8709;0.01963496208190918
1200;13830;8732;0.018935441970825195
1200;13560;7613;0.018203258514404297
1200;13873;7873;0.01969599723815918
1200;13557;8225;0.022133350372314453
1200;13846;8138;0.018726587295532227
1300;15470;9549;0.022122621536254883
1300;14715;9475;0.020841360092163086
1300;15932;9345;0.021333932876586914
1300;14544;8721;0.02105569839477539
1300;15484;9858;0.021596908569335938
1300;15343;9551;0.021741390228271484
1300;16423;8682;0.021405696868896484
1300;15881;9006;0.023558616638183594
1300;15631;9069;0.02156853675842285
1300;15223;9004;0.023110151290893555
1400;17315;10485;0.024346113204956055
1400;17312;11746;0.027347326278686523
1400;16981;10107;0.03024601936340332
1400;16535;9391;0.02312755584716797
1400;16462;9733;0.022508859634399414
1400;16198;9310;0.023758649826049805
1400;17137;9777;0.02358269691467285
1400;17942;10427;0.024256229400634766
1400;18397;10936;0.024512290954589844
1400;15825;10264;0.023538827896118164
1500;17747;10802;0.025228500366210938
1500;16895;10577;0.024181365966796875
1500;18459;10489;0.024713754653930664
1500;17408;10380;0.025661230087280273
1500;18006;11216;0.02465200424194336
1500;17632;10633;0.02354288101196289
1500;18361;11280;0.02544546127319336
1500;19193;12376;0.0293428897857666
1500;18731;10594;0.024811267852783203
1500;18614;11946;0.027408838272094727
1600;20137;13346;0.0298159122467041
1600;19240;11881;0.028099775314331055
1600;19070;12126;0.027532339096069336
1600;20009;11468;0.026109695434570312
1600;20030;11602;0.027721166610717773
1600;18533;11120;0.02741551399230957
1600;19943;11632;0.02635478973388672
1600;19550;10779;0.027034997940063477
1600;18040;10702;0.025290727615356445
1600;20202;12145;0.029535531997680664
1700;22856;15323;0.03255724906921387
1700;22324;14635;0.031888723373413086
1700;19717;11750;0.02816486358642578
1700;21291;11981;0.035872459411621094
1700;20536;12955;0.03032207489013672
1700;20225;12602;0.029738903045654297
1700;20692;11499;0.028655529022216797
1700;21578;14017;0.03534531593322754
1700;21079;12979;0.0340571403503418
1700;21007;12284;0.0283510684967041
1800;22959;13808;0.03137636184692383
1800;24101;13981;0.03511977195739746
1800;22727;12884;0.030716419219970703
1800;24293;12867;0.03225064277648926
1800;23610;14522;0.03387284278869629
1800;21730;12491;0.02957773208618164
1800;24745;14534;0.03311777114868164
1800;22133;13396;0.03258967399597168
1800;23200;14154;0.032808542251586914
1800;23640;15543;0.03432726860046387
1900;25821;16503;0.038187503814697266
1900;24006;13980;0.0343778133392334
1900;24492;15812;0.03532099723815918
1900;24812;15162;0.03807973861694336
1900;22453;12965;0.04320359230041504
1900;23945;14534;0.04430031776428223
1900;24566;14423;0.04575967788696289
1900;24081;13307;0.037450313568115234
1900;25121;13839;0.03692984580993652
1900;24344;15375;0.03360295295715332
2000;24856;14017;0.03395509719848633
2000;24312;15205;0.03440499305725098
2000;24387;15455;0.03402256965637207
2000;25789;15297;0.03515958786010742
2000;25531;14421;0.03691244125366211
2000;24664;14521;0.034857749938964844
2000;24831;16019;0.03667497634887695
2000;25683;14405;0.03745293617248535
2000;27081;16123;0.03840494155883789
2000;25523;15920;0.03588747978210449
2100;25985;16094;0.03726077079772949
2100;27548;17004;0.03923630714416504
2100;26248;15671;0.03605508804321289
2100;26678;17429;0.040018558502197266
2100;25333;15161;0.034705162048339844
2100;26268;15103;0.03606986999511719
2100;26470;15281;0.03852581977844238
2100;27642;18472;0.03995203971862793
2100;25735;14549;0.03746342658996582
2100;26850;14663;0.041281938552856445
2200;30791;17937;0.04930615425109863
2200;28137;16059;0.040334463119506836
2200;27755;16501;0.040673255920410156
2200;30119;17976;0.04091167449951172
2200;28333;16549;0.04058265686035156
2200;28880;15922;0.03856182098388672
2200;30693;19514;0.04185748100280762
2200;28959;17317;0.04253888130187988
2200;30282;17318;0.04082942008972168
2200;28594;17203;0.03925657272338867
2300;34475;19539;0.049739837646484375
2300;29291;17892;0.042490243911743164
2300;31936;18189;0.04408001899719238
2300;30830;17905;0.042627811431884766
2300;30229;19142;0.0411372184753418
2300;30575;20214;0.04519772529602051
2300;30309;17525;0.04222846031188965
2300;30852;20084;0.04447650909423828
2300;29645;16747;0.04278564453125
2300;29800;18877;0.04176926612854004
2400;34300;19607;0.05549144744873047
2400;33626;18357;0.044673919677734375
2400;31178;18991;0.046796560287475586
2400;33618;19107;0.04593944549560547
2400;31498;19916;0.04420733451843262
2400;31182;17678;0.04239606857299805
2400;32344;20393;0.04441952705383301
2400;30069;18991;0.04133796691894531
2400;31949;18216;0.0426788330078125
2400;31666;19029;0.04610800743103027
2500;32018;18142;0.04309964179992676
2500;34096;20448;0.052015066146850586
2500;37731;19057;0.049475908279418945
2500;33386;19503;0.0469052791595459
2500;32370;19690;0.04625272750854492
2500;32646;21392;0.04740142822265625
2500;32138;19071;0.046596527099609375
2500;30740;18125;0.04153180122375488
2500;33313;20925;0.0522005558013916
2500;32962;18490;0.046190500259399414
2600;34014;20012;0.05113530158996582
2600;36180;20570;0.051638126373291016
2600;35104;21210;0.05108904838562012
2600;34086;21578;0.0502774715423584
2600;32665;19119;0.04475688934326172
2600;35026;22340;0.05034327507019043
2600;37104;22050;0.0503687858581543
2600;34848;21846;0.050009965896606445
2600;36352;22686;0.049605607986450195
2600;35485;22129;0.051105499267578125
2700;36787;23451;0.050884246826171875
2700;35349;21295;0.05028581619262695
2700;37010;23303;0.05117917060852051
2700;34834;20022;0.05155682563781738
2700;35325;20479;0.05231976509094238
2700;36035;21327;0.05153250694274902
2700;35975;22514;0.04898262023925781
2700;35796;19877;0.04979991912841797
2700;36664;24703;0.05248069763183594
2700;36010;20469;0.05023360252380371
2800;37531;21793;0.05047488212585449
2800;37158;21829;0.05311727523803711
2800;36193;22782;0.050200462341308594
2800;41146;24375;0.058971405029296875
2800;36150;20264;0.04948925971984863
2800;38491;22067;0.05310249328613281
2800;35519;21830;0.04843544960021973
2800;37311;21933;0.053469181060791016
2800;41070;25508;0.05846977233886719
2800;37288;23832;0.055071115493774414
2900;40076;24221;0.06026124954223633
2900;38331;22098;0.05690884590148926
2900;39253;23132;0.0547938346862793
2900;37770;21930;0.05567789077758789
2900;41172;24929;0.05606269836425781
2900;39165;24766;0.06029081344604492
2900;40535;24320;0.056488752365112305
2900;38127;22446;0.05455970764160156
2900;37982;21336;0.05015373229980469
2900;36739;20781;0.05098223686218262
3000;41723;24912;0.055761098861694336
3000;39251;23301;0.056473731994628906
3000;40946;25168;0.059198856353759766
3000;39363;21229;0.05518674850463867
3000;39747;24907;0.05749225616455078
3000;39217;22700;0.059180498123168945
3000;39991;24398;0.05683302879333496
3000;39461;23569;0.05618715286254883
3000;39780;24882;0.05523061752319336
3000;39386;23556;0.056865692138671875
3100;39459;23412;0.056035518646240234
3100;41053;23740;0.05880260467529297
3100;43182;25955;0.05931901931762695
3100;41434;25823;0.06218600273132324
3100;40961;22503;0.05341625213623047
3100;45732;26645;0.0643002986907959
3100;40898;23990;0.05386829376220703
3100;40734;23340;0.0570988655090332
3100;43885;24963;0.05892610549926758
3100;42391;24962;0.061990976333618164
3200;43759;26223;0.06974220275878906
3200;42736;26450;0.061901092529296875
3200;43859;27050;0.06090283393859863
3200;45346;24030;0.06032538414001465
3200;45057;25955;0.06233572959899902
3200;41973;24250;0.05857348442077637
3200;42562;24370;0.056883811950683594
3200;45970;27799;0.06624913215637207
3200;48874;28474;0.06668639183044434
3200;46807;29201;0.06680083274841309
3300;45582;25554;0.05979728698730469
3300;43407;25258;0.06318092346191406
3300;45129;25524;0.06288695335388184
3300;43818;25240;0.06536650657653809
3300;48145;30757;0.06897950172424316
3300;44205;25199;0.060787200927734375
3300;44507;25637;0.05932426452636719
3300;44586;26072;0.06343460083007812
3300;51935;33096;0.07200217247009277
3300;45488;29158;0.06685209274291992
3400;46051;27621;0.06532096862792969
3400;47131;27762;0.06648564338684082
3400;46081;30195;0.06417608261108398
3400;49247;28589;0.06769013404846191
3400;47844;27913;0.06477165222167969
3400;47589;29240;0.07149076461791992
3400;46717;24802;0.06706428527832031
3400;45111;27757;0.06851458549499512
3400;46068;27837;0.063446044921875
3400;45978;30625;0.0695042610168457
3500;51653;28110;0.07032179832458496
3500;47531;28541;0.06902337074279785
3500;48085;28288;0.06548476219177246
3500;48958;31933;0.07094979286193848
3500;49185;28497;0.06804466247558594
3500;50609;33131;0.07853007316589355
3500;49664;31387;0.07894206047058105
3500;50643;30174;0.08519172668457031
3500;50060;27198;0.07678651809692383
3500;47254;28018;0.06898689270019531
3600;49089;29185;0.08122420310974121
3600;48454;26854;0.06852579116821289
3600;48171;27261;0.06689643859863281
3600;49865;27971;0.07138586044311523
3600;48094;28451;0.07041192054748535
3600;50519;31232;0.0747075080871582
3600;50774;27814;0.07299566268920898
3600;48165;28014;0.07120656967163086
3600;48243;28354;0.07125139236450195
3600;51738;29835;0.07840538024902344
3700;50075;32137;0.08115863800048828
3700;52670;31597;0.08395791053771973
3700;49678;29937;0.07698535919189453
3700;49918;27657;0.07567286491394043
3700;50746;31230;0.07973885536193848
3700;51501;30531;0.07890510559082031
3700;54940;31848;0.08344006538391113
3700;52672;32375;0.08009099960327148
3700;51882;28182;0.08011198043823242
3700;54193;35087;0.08841109275817871
3800;52003;32957;0.08475399017333984
3800;52689;28671;0.08233189582824707
3800;55791;33089;0.08997058868408203
3800;50775;29818;0.0775442123413086
3800;54935;34006;0.08926820755004883
3800;54494;36057;0.08788490295410156
3800;53961;30138;0.08658790588378906
3800;53118;28304;0.07932472229003906
3800;50234;31213;0.08048534393310547
3800;53800;30026;0.08176946640014648
3900;53823;32369;0.08900022506713867
3900;52844;29621;0.08467602729797363
3900;52418;30707;0.0838627815246582
3900;56393;33969;0.08675527572631836
3900;52365;30075;0.07917332649230957
3900;52120;28531;0.089141845703125
3900;52925;31332;0.08355522155761719
3900;54140;31814;0.08409452438354492
3900;57638;35707;0.09252762794494629
3900;52651;30785;0.08376884460449219
4000;57765;32660;0.09188413619995117
4000;60076;35364;0.09537291526794434
4000;56866;36295;0.09308290481567383
4000;53678;32029;0.08508968353271484
4000;56867;35970;0.08718371391296387
4000;59403;35490;0.09043526649475098
4000;59365;35282;0.09449100494384766
4000;60448;36852;0.09666037559509277
4000;60734;35600;0.09458327293395996
4000;54445;32076;0.08710408210754395
4100;57155;32625;0.08842134475708008
4100;58995;33925;0.08973312377929688
4100;60626;36690;0.09641647338867188
4100;59064;31737;0.09073495864868164
4100;57603;34015;0.09192705154418945
4100;57910;35180;0.08779549598693848
4100;58660;37047;0.09060096740722656
4100;56187;34029;0.08812141418457031
4100;57187;34306;0.08870625495910645
4100;57720;35102;0.09432792663574219
4200;57013;33275;0.08960676193237305
4200;60194;34024;0.09201669692993164
4200;58938;32837;0.08850932121276855
4200;57332;34165;0.09084033966064453
4200;60558;33728;0.09169578552246094
4200;59686;36441;0.09456443786621094
4200;58846;33400;0.09162044525146484
4200;63277;36673;0.09922170639038086
4200;58517;33126;0.09342050552368164
4200;58415;32305;0.09012413024902344
4300;64189;36555;0.10407733917236328
4300;58838;34290;0.09176087379455566
4300;62094;34969;0.0928795337677002
4300;64225;38928;0.10195231437683105
4300;61970;37347;0.098724365234375
4300;66454;38918;0.10355854034423828
4300;59232;31958;0.09250450134277344
4300;60738;37759;0.10054850578308105
4300;60002;37048;0.09502792358398438
4300;57610;32982;0.090087890625
4400;65390;36551;0.09809350967407227
4400;61072;34062;0.0908200740814209
4400;61965;36767;0.0955045223236084
4400;63145;38538;0.10072779655456543
4400;60758;35003;0.0928955078125
4400;63156;34409;0.0940999984741211
4400;63050;37562;0.1007230281829834
4400;59791;35901;0.09286928176879883
4400;62739;35002;0.09565281867980957
4400;58240;34526;0.08945202827453613
4500;65866;38081;0.10128235816955566
4500;63706;35630;0.09910225868225098
4500;64159;36968;0.09724974632263184
4500;62514;37811;0.09568262100219727
4500;63732;38993;0.10671806335449219
4500;64001;34906;0.09752750396728516
4500;62656;34886;0.0954277515411377
4500;60889;37180;0.09613275527954102
4500;62428;35102;0.09723615646362305
4500;63128;37241;0.09926676750183105
4600;65435;37210;0.10313916206359863
4600;63700;38503;0.10062408447265625
4600;65329;36460;0.0994577407836914
4600;63974;38670;0.10378479957580566
4600;64198;36022;0.10040640830993652
4600;65845;37930;0.10871648788452148
4600;65851;40806;0.10708308219909668
4600;66239;39237;0.101654052734375
4600;65436;39582;0.1011502742767334
4600;65692;40899;0.1049356460571289
4700;68471;41729;0.10622835159301758
4700;68494;40060;0.10973429679870605
4700;67511;39671;0.10678744316101074
4700;69428;39263;0.11286807060241699
4700;68071;40001;0.11181259155273438
4700;69921;40023;0.10464167594909668
4700;67799;39031;0.10398578643798828
4700;65069;38286;0.09859538078308105
4700;67767;38658;0.10179018974304199
4700;67553;41763;0.10747790336608887
4800;73603;41701;0.11133027076721191
4800;69961;41787;0.11155986785888672
4800;72641;42692;0.11015725135803223
4800;72773;40616;0.10882091522216797
4800;70102;38172;0.1036231517791748
4800;69272;39716;0.10322833061218262
4800;68272;40389;0.09842777252197266
4800;69420;39204;0.10633158683776855
4800;68163;39762;0.10452532768249512
4800;70185;37184;0.10543012619018555
4900;75599;42742;0.11294770240783691
4900;70951;40707;0.10213565826416016
4900;75097;44103;0.1135716438293457
4900;71862;42285;0.10744452476501465
4900;68109;40785;0.10104560852050781
4900;70743;40308;0.10827302932739258
4900;70923;40773;0.10440874099731445
4900;74280;39015;0.10971498489379883
4900;75161;43985;0.10855269432067871
4900;70266;40507;0.10322022438049316
5000;71435;40541;0.10542559623718262
5000;80806;49973;0.12166023254394531
5000;76642;44403;0.11303234100341797
5000;74123;45713;0.11509513854980469
5000;73188;42003;0.10876846313476562
5000;70856;42448;0.10673403739929199
5000;70338;41928;0.10618305206298828
5000;71581;40261;0.09932303428649902
5000;70198;41517;0.1021585464477539
5000;72454;39471;0.10192751884460449
5100;74056;41832;0.10430502891540527
5100;75647;43946;0.11399173736572266
5100;81190;46751;0.11487865447998047
5100;75626;41390;0.10498356819152832
5100;74464;42262;0.10612845420837402
5100;77360;43677;0.10767889022827148
5100;70945;42438;0.10078763961791992
5100;69794;40131;0.09864521026611328
5100;77041;43114;0.10977482795715332
5100;75498;42722;0.11046504974365234
5200;78903;45905;0.11346220970153809
5200;72367;42596;0.10334634780883789
5200;75591;44844;0.10576963424682617
5200;78600;48735;0.11535239219665527
5200;72015;39787;0.09896588325500488
5200;79352;44900;0.11174416542053223
5200;74783;42105;0.10684394836425781
5200;76807;46836;0.11662006378173828
5200;78356;49118;0.11487221717834473
5200;75217;43703;0.1077878475189209
5300;76987;44841;0.1076200008392334
5300;75738;43789;0.1073606014251709
5300;86168;53054;0.12244057655334473
5300;75229;42607;0.10823249816894531
5300;77858;46938;0.10980534553527832
5300;79301;46461;0.11625432968139648
5300;75751;43560;0.10534286499023438
5300;77665;45183;0.10948824882507324
5300;78614;47293;0.11359500885009766
5300;77495;46648;0.11072969436645508
5400;81680;45110;0.1130971908569336
5400;84096;47335;0.11750364303588867
5400;78252;46703;0.11192893981933594
5400;77104;41912;0.10876798629760742
5400;78752;47029;0.1113438606262207
5400;77401;46343;0.11276960372924805
5400;78164;43736;0.11110973358154297
5400;79919;50429;0.11546039581298828
5400;86783;53364;0.12215757369995117
5400;78519;46550;0.11250424385070801
5500;79821;46380;0.1165771484375
5500;82793;47346;0.11493039131164551
5500;83002;49476;0.12087011337280273
5500;80735;48476;0.11618494987487793
5500;82889;43975;0.11551547050476074
5500;81794;44833;0.11447024345397949
5500;77405;44999;0.1095571517944336
5500;88069;46480;0.12469267845153809
5500;83981;48513;0.12530112266540527
5500;79137;45732;0.11154961585998535
5600;82539;49290;0.11676478385925293
5600;81348;43380;0.11468243598937988
5600;83861;47486;0.11964273452758789
5600;81303;50900;0.11835885047912598
5600;82637;44427;0.11885428428649902
5600;84258;51201;0.12528753280639648
5600;87917;52449;0.1254281997680664
5600;80869;45795;0.1134498119354248
5600;84628;46469;0.12029838562011719
5600;83708;46997;0.11834049224853516
5700;84275;50379;0.12177252769470215
5700;90170;58579;0.13567137718200684
5700;80675;45455;0.11771750450134277
5700;82143;46647;0.11498594284057617
5700;85102;50213;0.12581753730773926
5700;83058;50616;0.11959671974182129
5700;87142;49534;0.12153005599975586
5700;84504;52097;0.12409400939941406
5700;83718;49977;0.1217803955078125
5700;81136;48374;0.12257146835327148
5800;85864;49986;0.12296032905578613
5800;84460;50275;0.12026047706604004
5800;85316;47582;0.1216576099395752
5800;90747;53280;0.1294693946838379
5800;84198;49677;0.11903882026672363
5800;85732;49423;0.12208414077758789
5800;90244;53926;0.13087892532348633
5800;87946;51506;0.12514448165893555
5800;82329;47723;0.1184701919555664
5800;81417;47695;0.11440920829772949
5900;97660;57439;0.13898873329162598
5900;87412;48774;0.12269973754882812
5900;89314;47896;0.12829089164733887
5900;84046;51920;0.12381124496459961
5900;85891;46544;0.1171121597290039
5900;83928;50814;0.12141966819763184
5900;84040;50652;0.12189650535583496
5900;85898;50247;0.12116861343383789
5900;89441;48918;0.12414097785949707
5900;87679;49585;0.1300055980682373
6000;98898;56170;0.13998937606811523
6000;86557;51114;0.12291598320007324
6000;86606;47484;0.1213529109954834
6000;88825;49716;0.12240266799926758
6000;98836;57879;0.1375436782836914
6000;88685;52097;0.12542009353637695
6000;89388;55080;0.13118362426757812
6000;88281;51988;0.12887001037597656
6000;90742;49212;0.12578988075256348
6000;92359;53183;0.12976479530334473
6100;92284;52288;0.12854456901550293
6100;96700;55990;0.13748741149902344
6100;99314;56628;0.13968920707702637
6100;99792;56192;0.14291024208068848
6100;91393;48734;0.1252763271331787
6100;90567;49638;0.1263742446899414
6100;88054;51363;0.12418103218078613
6100;94291;60016;0.13513422012329102
6100;88572;54882;0.1267993450164795
6100;92762;46936;0.13010382652282715
6200;89709;51080;0.12711715698242188
6200;94229;53769;0.1333785057067871
6200;92908;53152;0.13021373748779297
6200;98210;59496;0.1368544101715088
6200;94200;52835;0.13277554512023926
6200;93068;54021;0.13219547271728516
6200;96928;58748;0.1437699794769287
6200;94498;53814;0.12994813919067383
6200;88064;52287;0.1274726390838623
6200;104064;56855;0.14363837242126465
6300;93667;48448;0.12666726112365723
6300;99833;56319;0.1437673568725586
6300;100819;56917;0.14963078498840332
6300;95244;53722;0.13520097732543945
6300;97599;55819;0.13855934143066406
6300;94707;56074;0.13399243354797363
6300;95329;53063;0.12961220741271973
6300;90788;52380;0.13126301765441895
6300;91851;55358;0.1351487636566162
6300;97777;50874;0.13375496864318848
6400;95210;54838;0.14087295532226562
6400;91005;52969;0.13453316688537598
6400;101441;52702;0.1402759552001953
6400;99797;59736;0.1403217315673828
6400;97732;57610;0.14301657676696777
6400;99337;54691;0.13891887664794922
6400;94859;53686;0.13078856468200684
6400;90976;53273;0.12877964973449707
6400;97803;58848;0.137925386428833
6400;101208;53769;0.14257526397705078
6500;96346;59100;0.15744686126708984
6500;98483;56119;0.15325570106506348
6500;100083;56794;0.1566317081451416
6500;97083;57624;0.15082550048828125
6500;97677;54557;0.1393604278564453
6500;99017;59161;0.14505314826965332
6500;98515;52843;0.13889384269714355
6500;95743;50793;0.14667725563049316
6500;97638;58835;0.15902018547058105
6500;97023;54442;0.15570068359375
6600;105884;57539;0.16653847694396973
6600;98642;58189;0.1736433506011963
6600;98006;53664;0.15384697914123535
6600;97732;52279;0.15300893783569336
6600;100924;61917;0.17823362350463867
6600;101494;55716;0.17136526107788086
6600;100163;56863;0.1708827018737793
6600;105344;60489;0.18158411979675293
6600;99352;53687;0.16235136985778809
6600;103662;56312;0.16955876350402832
6700;101393;57488;0.17355632781982422
6700;110103;62527;0.1741786003112793
6700;107370;58364;0.16837573051452637
6700;101148;57364;0.15360546112060547
6700;101969;56122;0.1696641445159912
6700;103157;61675;0.19568657875061035
6700;96549;58873;0.16817617416381836
6700;101804;55698;0.19321560859680176
6700;95326;52480;0.15029430389404297
6700;106318;58382;0.16385340690612793
6800;100114;55843;0.1431567668914795
6800;100924;58368;0.14623665809631348
6800;104061;58246;0.1480550765991211
6800;99143;57743;0.1509542465209961
6800;103829;56303;0.14613914489746094
6800;103913;62140;0.14877653121948242
6800;101764;58193;0.13968968391418457
6800;104629;59737;0.14267683029174805
6800;106834;60546;0.14947509765625
6800;107837;68054;0.17038559913635254
6900;105136;59145;0.18699407577514648
6900;104360;56213;0.2094411849975586
6900;119377;69336;0.24060773849487305
6900;103616;61277;0.18713688850402832
6900;105167;59795;0.16520285606384277
6900;104928;58451;0.17551708221435547
6900;108472;60158;0.19523239135742188
6900;103757;58510;0.1799302101135254
6900;115426;65085;0.2003016471862793
6900;108547;63221;0.17730355262756348
7000;100412;58096;0.15485000610351562
7000;103443;58941;0.1573011875152588
7000;106026;64911;0.18491458892822266
7000;104905;60606;0.1892857551574707
7000;110878;62223;0.18356108665466309
7000;110253;67263;0.181837797164917
7000;103888;60614;0.1630268096923828
7000;107949;61823;0.16848349571228027
7000;113059;62875;0.16959238052368164
7000;103806;57839;0.16022372245788574
7100;115594;61259;0.1669292449951172
7100;107790;62117;0.17598962783813477
7100;106782;58355;0.16543149948120117
7100;109610;63719;0.17025351524353027
7100;104464;56824;0.1657874584197998
7100;110565;66194;0.18831348419189453
7100;108620;63422;0.17266631126403809
7100;113491;63872;0.20455312728881836
7100;108402;59476;0.17838191986083984
7100;106544;59758;0.18151354789733887
7200;117930;62414;0.19908618927001953
7200;108736;63944;0.18007493019104004
7200;110294;63247;0.17149782180786133
7200;104720;60199;0.15375137329101562
7200;112238;65932;0.15771770477294922
7200;108846;60420;0.1579124927520752
7200;119821;66263;0.16460609436035156
7200;118420;68666;0.18795347213745117
7200;104493;58170;0.16317176818847656
7200;109386;61543;0.15373468399047852
7300;114912;66048;0.1637582778930664
7300;115832;64552;0.16030120849609375
7300;108059;61505;0.15843749046325684
7300;113368;65438;0.1574249267578125
7300;112492;70745;0.1642930507659912
7300;116534;69296;0.16095519065856934
7300;125167;73118;0.17494511604309082
7300;118482;65621;0.16616320610046387
7300;115360;71491;0.1752924919128418
7300;115883;67891;0.16349530220031738
7400;113652;67752;0.16321706771850586
7400;108585;62062;0.15341544151306152
7400;121422;65598;0.17302227020263672
7400;108755;62154;0.1616668701171875
7400;113487;66709;0.16101288795471191
7400;114051;60444;0.1561894416809082
7400;110563;64147;0.15616083145141602
7400;113349;62501;0.15640974044799805
7400;111349;60963;0.1598036289215088
7400;111789;61356;0.15534067153930664
7500;114105;63833;0.15564775466918945
7500;114030;61375;0.16035056114196777
7500;112706;65456;0.1552906036376953
7500;116467;65156;0.1656324863433838
7500;112205;66541;0.16464567184448242
7500;117501;72140;0.16965842247009277
7500;118681;67972;0.1684558391571045
7500;113317;64157;0.16129088401794434
7500;113987;64926;0.16245198249816895
7500;118936;72029;0.1739804744720459
7600;114865;67527;0.15761876106262207
7600;113559;64763;0.1650254726409912
7600;114641;64772;0.1646103858947754
7600;112037;63100;0.1562211513519287
7600;119579;63121;0.16950249671936035
7600;114156;64115;0.15723919868469238
7600;120332;68956;0.16739559173583984
7600;115137;64795;0.1888420581817627
7600;121420;71681;0.16712212562561035
7600;114850;66942;0.17090415954589844
7700;125767;70278;0.1770634651184082
7700;125836;67552;0.17257189750671387
7700;118443;69465;0.1672508716583252
7700;134298;74456;0.18641233444213867
7700;124901;74382;0.17981338500976562
7700;117602;65475;0.16518735885620117
7700;120176;68262;0.1698470115661621
7700;120779;74603;0.17371201515197754
7700;123930;71317;0.17262864112854004
7700;120520;63840;0.16631579399108887
7800;129229;76405;0.19423341751098633
7800;119237;67602;0.1953434944152832
7800;118019;66360;0.17476511001586914
7800;119176;68246;0.16508793830871582
7800;119378;65312;0.17344284057617188
7800;113675;64205;0.15520930290222168
7800;125454;70684;0.1726682186126709
7800;119355;70265;0.17597079277038574
7800;118090;65582;0.16480183601379395
7800;117433;64669;0.16779637336730957
7900;118290;67239;0.1638493537902832
7900;123963;71912;0.17483925819396973
7900;121385;68819;0.17018699645996094
7900;123728;67301;0.16909265518188477
7900;130472;74711;0.1911792755126953
7900;122614;68797;0.17530179023742676
7900;120197;65438;0.16684412956237793
7900;119496;66700;0.1612534523010254
7900;116032;69094;0.16257619857788086
7900;115370;60988;0.15901875495910645
8000;130460;78570;0.18959832191467285
8000;125296;70097;0.178389310836792
8000;116851;66269;0.16166996955871582
8000;125484;67676;0.16715788841247559
8000;121388;67431;0.1697707176208496
8000;121806;68221;0.16496896743774414
8000;129224;75075;0.18240690231323242
8000;128093;68969;0.17054057121276855
8000;122123;72111;0.17035436630249023
8000;122062;69076;0.1887514591217041
8100;124912;74836;0.18647170066833496
8100;125593;71021;0.19180655479431152
8100;126956;71568;0.18749642372131348
8100;124899;68078;0.17728495597839355
8100;121726;68127;0.18941426277160645
8100;131607;70295;0.1862809658050537
8100;126693;76245;0.18475818634033203
8100;126993;77233;0.18085408210754395
8100;126514;79615;0.18495774269104004
8100;124372;71970;0.18064379692077637
8200;131472;78010;0.19452428817749023
8200;126798;74571;0.18621182441711426
8200;124154;70806;0.2174839973449707
8200;125645;71151;0.21793532371520996
8200;120037;65951;0.22646236419677734
8200;124124;70899;0.24053049087524414
8200;127301;76338;0.20924830436706543
8200;123206;66376;0.20292305946350098
8200;135142;76644;0.1982438564300537
8200;125954;74404;0.2050788402557373
8300;125460;69938;0.1884291172027588
8300;124516;67644;0.1941828727722168
8300;129435;69422;0.20602083206176758
8300;129813;73294;0.1925187110900879
8300;130572;79530;0.20041131973266602
8300;123949;68750;0.18819642066955566
8300;130739;70045;0.19557738304138184
8300;125452;71057;0.18642497062683105
8300;130394;77735;0.19402337074279785
8300;129717;73130;0.18340587615966797
8400;135828;80699;0.20352625846862793
8400;131203;67640;0.19425272941589355
8400;129244;78568;0.20009517669677734
8400;130424;74619;0.20122885704040527
8400;127877;70174;0.18897676467895508
8400;127344;72364;0.1796727180480957
8400;132302;75891;0.18790340423583984
8400;137927;74436;0.18773818016052246
8400;132680;70900;0.181107759475708
8400;133365;78034;0.19707655906677246
8500;134644;74513;0.19402790069580078
8500;128972;65791;0.19066810607910156
8500;129772;73636;0.19277644157409668
8500;128530;69455;0.17925214767456055
8500;131807;71495;0.1802387237548828
8500;141775;79384;0.21030712127685547
8500;133361;78305;0.20956850051879883
8500;128010;68382;0.19518494606018066
8500;134282;73356;0.20824146270751953
8500;133179;78378;0.21373534202575684
8600;131813;72812;0.21020269393920898
8600;135140;82279;0.2258281707763672
8600;137586;77556;0.22177624702453613
8600;134953;71923;0.21001172065734863
8600;135564;80407;0.2072746753692627
8600;133838;72021;0.19097614288330078
8600;137589;84814;0.23226237297058105
8600;131249;75247;0.20040249824523926
8600;140701;72695;0.20531511306762695
8600;137693;74788;0.19463896751403809
8700;132015;74174;0.18663239479064941
8700;138805;72140;0.18915462493896484
8700;135131;77952;0.1845102310180664
8700;136230;78595;0.20463061332702637
8700;140861;82193;0.2123558521270752
8700;132422;75671;0.19036412239074707
8700;136402;71071;0.19900274276733398
8700;132712;72544;0.18483185768127441
8700;138001;84659;0.20661020278930664
8700;128551;74275;0.1884629726409912
8800;139881;83337;0.20092344284057617
8800;135828;74947;0.18459272384643555
8800;141637;86021;0.205397367477417
8800;138266;83301;0.1949329376220703
8800;140546;79504;0.19765758514404297
8800;137051;81958;0.19016790390014648
8800;134840;71874;0.1883533000946045
8800;141946;82178;0.20432090759277344
8800;133806;73414;0.19448637962341309
8800;138188;79610;0.19625401496887207
8900;141065;77842;0.20544195175170898
8900;146018;78530;0.19942140579223633
8900;137823;81229;0.2092454433441162
8900;133275;73893;0.18957853317260742
8900;145208;88666;0.21767044067382812
8900;143950;82870;0.2051103115081787
8900;140783;81634;0.20649385452270508
8900;145770;81228;0.20826315879821777
8900;139344;78825;0.19663047790527344
8900;134665;77384;0.18944382667541504
9000;134783;73053;0.21518421173095703
9000;134094;75347;0.2138538360595703
9000;137235;75213;0.20993256568908691
9000;145375;86182;0.21356534957885742
9000;135317;75609;0.2060229778289795
9000;140485;85666;0.23618817329406738
9000;148388;88252;0.2353363037109375
9000;141495;83759;0.2322390079498291
9000;137061;78416;0.22812700271606445
9000;137802;78293;0.2615170478820801
9100;147150;94230;0.26539111137390137
9100;145334;88420;0.22884464263916016
9100;145026;85963;0.2508258819580078
9100;140356;77657;0.21302270889282227
9100;146520;82646;0.21942138671875
9100;138900;80501;0.21464967727661133
9100;163869;97880;0.2554280757904053
9100;146142;89613;0.2494652271270752
9100;140006;76931;0.2865886688232422
9100;139443;74289;0.2521367073059082
9200;144131;81665;0.2303628921508789
9200;144934;81965;0.222977876663208
9200;149703;83713;0.2218470573425293
9200;144425;79963;0.22111105918884277
9200;144381;85498;0.2535238265991211
9200;153341;92744;0.28885841369628906
9200;142167;79397;0.25383853912353516
9200;140088;81488;0.2500345706939697
9200;148003;75312;0.2888040542602539
9200;150570;81079;0.24932289123535156
9300;141628;84665;0.28206706047058105
9300;145979;77426;0.2687342166900635
9300;143956;83827;0.27610230445861816
9300;147166;86397;0.29939866065979004
9300;144632;83321;0.2733025550842285
9300;159174;86964;0.3114769458770752
9300;149144;86156;0.27550458908081055
9300;154501;91505;0.2997438907623291
9300;140826;79240;0.2830038070678711
9300;143226;78663;0.2377917766571045
9400;152422;96069;0.2730593681335449
9400;151788;82433;0.29538869857788086
9400;153088;88206;0.2878241539001465
9400;160402;90758;0.2869257926940918
9400;167149;90118;0.3001823425292969
9400;150594;89843;0.27990221977233887
9400;141673;81392;0.2538115978240967
9400;154519;83201;0.2602670192718506
9400;153610;86027;0.2595038414001465
9400;150500;78168;0.2760474681854248
9500;151493;87352;0.2682228088378906
9500;149011;86057;0.28779149055480957
9500;170674;101140;0.3233218193054199
9500;152538;85504;0.2762298583984375
9500;149149;86750;0.30490756034851074
9500;145467;79773;0.2693169116973877
9500;152079;86034;0.27081298828125
9500;154242;85317;0.2967336177825928
9500;155154;95165;0.3195960521697998
9500;147129;88204;0.2719144821166992
9600;154661;91108;0.2986881732940674
9600;150908;92112;0.28019237518310547
9600;156713;88079;0.24954652786254883
9600;148895;84042;0.2395641803741455
9600;146442;86360;0.27341604232788086
9600;154833;86429;0.28865647315979004
9600;150930;90325;0.2845926284790039
9600;154457;87863;0.28064560890197754
9600;167840;96000;0.3291645050048828
9600;162344;94580;0.30670809745788574
9700;159532;88897;0.2914309501647949
9700;145841;83015;0.2683393955230713
9700;156944;92915;0.30947184562683105
9700;152304;87036;0.2974381446838379
9700;155488;84546;0.28004932403564453
9700;153821;82972;0.30791449546813965
9700;157817;94682;0.37493300437927246
9700;147085;84544;0.28017497062683105
9700;152941;89059;0.2866978645324707
9700;170258;100220;0.31615567207336426
9800;152188;87109;0.33786559104919434
9800;162472;83606;0.3462038040161133
9800;156246;83584;0.31513094902038574
9800;160890;94423;0.340378999710083
9800;162605;93258;0.29134583473205566
9800;151476;81653;0.27048158645629883
9800;161808;90193;0.3005869388580322
9800;164622;94649;0.2697288990020752
9800;162964;92585;0.2717020511627197
9800;153569;90821;0.2873380184173584
9900;169980;94502;0.2879643440246582
9900;153828;81961;0.25255274772644043
9900;155538;90048;0.28977203369140625
9900;155866;91263;0.2880244255065918
9900;164347;93101;0.3173365592956543
9900;156640;88885;0.31822919845581055
9900;159101;85958;0.31023311614990234
9900;154753;81457;0.29756832122802734
9900;162719;88196;0.34470105171203613
9900;160430;90898;0.3491096496582031
10000;154264;84769;0.34148573875427246
10000;161686;88513;0.31998443603515625
10000;155985;93918;0.2912743091583252
10000;162992;100801;0.30536651611328125
10000;166324;89346;0.2937932014465332
10000;159704;83015;0.292064905166626
10000;156069;88796;0.2830684185028076
10000;157466;92408;0.3138258457183838
10000;166075;108352;0.27722668647766113
10000;152056;84687;0.31651830673217773
