100;694;613;0.0008962154388427734
100;672;595;0.0006744861602783203
100;656;575;0.0006518363952636719
100;671;588;0.0007486343383789062
100;637;566;0.001074075698852539
100;643;567;0.0006234645843505859
100;691;610;0.0007495880126953125
100;657;575;0.0007083415985107422
100;678;602;0.0007989406585693359
100;649;577;0.0007574558258056641
200;1546;1390;0.0016024112701416016
200;1516;1359;0.0017046928405761719
200;1503;1351;0.0015358924865722656
200;1529;1366;0.0019102096557617188
200;1558;1420;0.0016741752624511719
200;1489;1341;0.0015022754669189453
200;1547;1393;0.0015566349029541016
200;1512;1364;0.001567840576171875
200;1545;1388;0.0016636848449707031
200;1549;1384;0.0017974376678466797
300;2811;2552;0.0028336048126220703
300;2731;2468;0.0027806758880615234
300;2800;2546;0.002826213836669922
300;2878;2614;0.0027549266815185547
300;2865;2609;0.0033235549926757812
300;2802;2543;0.0029451847076416016
300;2838;2581;0.003034830093383789
300;2793;2539;0.0027174949645996094
300;2813;2552;0.0026404857635498047
300;2779;2518;0.002680063247680664
400;3432;3128;0.003911733627319336
400;3468;3153;0.0036957263946533203
400;3458;3149;0.003765583038330078
400;3370;3061;0.0037603378295898438
400;3447;3134;0.004505157470703125
400;3512;3201;0.004095554351806641
400;3444;3145;0.0037696361541748047
400;3405;3092;0.0042133331298828125
400;3519;3199;0.0038127899169921875
400;3469;3151;0.003597736358642578
500;4798;4391;0.005156993865966797
500;4706;4308;0.005070209503173828
500;4662;4251;0.004911899566650391
500;4629;4233;0.0051996707916259766
500;4691;4291;0.0048542022705078125
500;4780;4372;0.00506901741027832
500;4608;4206;0.004830360412597656
500;4740;4323;0.004848957061767578
500;4729;4332;0.0053555965423583984
500;4756;4341;0.005669116973876953
600;6027;5520;0.008419990539550781
600;6080;5572;0.007606983184814453
600;6136;5634;0.007855892181396484
600;6173;5660;0.007143497467041016
600;6127;5617;0.007016658782958984
600;6141;5644;0.006817340850830078
600;6283;5761;0.007258176803588867
600;6042;5528;0.00632476806640625
600;6206;5684;0.00661468505859375
600;6135;5629;0.006340980529785156
700;6464;5935;0.007543087005615234
700;6463;5940;0.009972095489501953
700;6467;5938;0.00784158706665039
700;6466;5941;0.008491992950439453
700;6401;5856;0.008389949798583984
700;6432;5909;0.0076446533203125
700;6536;6009;0.008888483047485352
700;6452;5936;0.0076792240142822266
700;6588;6078;0.008345365524291992
700;6450;5935;0.008337259292602539
800;7804;7183;0.008967876434326172
800;7697;7058;0.010612964630126953
800;7780;7166;0.00903177261352539
800;7604;7008;0.00917506217956543
800;7682;7077;0.008768081665039062
800;7658;7035;0.008463859558105469
800;7740;7133;0.01123046875
800;7677;7054;0.009468317031860352
800;7693;7080;0.013011455535888672
800;7599;6980;0.010532140731811523
900;9165;8438;0.010247468948364258
900;9071;8350;0.010494709014892578
900;9039;8322;0.01047658920288086
900;9058;8324;0.010324716567993164
900;9025;8315;0.01021265983581543
900;8937;8231;0.010071516036987305
900;9014;8302;0.00992274284362793
900;9075;8346;0.014358997344970703
900;9093;8408;0.010879755020141602
900;9108;8369;0.012059450149536133
1000;10416;9591;0.014377355575561523
1000;10586;9784;0.015421867370605469
1000;10357;9555;0.014371633529663086
1000;10436;9624;0.016396522521972656
1000;10457;9632;0.014307022094726562
1000;10406;9585;0.013561725616455078
1000;10485;9679;0.012952566146850586
1000;10444;9633;0.011365413665771484
1000;10406;9592;0.011728525161743164
1000;10474;9662;0.01141047477722168
1100;11894;10995;0.014742136001586914
1100;11868;10956;0.013147115707397461
1100;12052;11126;0.013228893280029297
1100;12006;11085;0.013134479522705078
1100;11791;10872;0.012967586517333984
1100;11909;10983;0.012729406356811523
1100;11871;10958;0.013062238693237305
1100;12152;11239;0.014140844345092773
1100;11833;10927;0.014253377914428711
1100;11815;10893;0.012559652328491211
1200;13365;12350;0.014432668685913086
1200;13682;12666;0.015462875366210938
1200;13493;12468;0.01511836051940918
1200;13452;12430;0.015352964401245117
1200;13457;12435;0.0142669677734375
1200;13679;12653;0.015151262283325195
1200;13634;12627;0.01712632179260254
1200;13788;12773;0.018124818801879883
1200;13611;12594;0.018509626388549805
1200;13478;12465;0.01606297492980957
1300;14449;13389;0.015730619430541992
1300;14606;13550;0.015780925750732422
1300;14355;13314;0.01632857322692871
1300;14619;13570;0.016625404357910156
1300;14386;13337;0.016312360763549805
1300;14427;13382;0.016033411026000977
1300;14443;13389;0.015982627868652344
1300;14464;13414;0.017448902130126953
1300;14353;13305;0.01735091209411621
1300;14444;13369;0.016993999481201172
1400;14353;13306;0.016743183135986328
1400;14341;13286;0.016737699508666992
1400;14302;13269;0.016565322875976562
1400;14300;13268;0.01685500144958496
1400;14283;13255;0.017443180084228516
1400;14256;13220;0.017827987670898438
1400;14236;13187;0.016510963439941406
1400;14407;13351;0.016376256942749023
1400;14283;13244;0.020594358444213867
1400;14335;13270;0.01699090003967285
1500;15649;14511;0.01789402961730957
1500;15505;14362;0.01814889907836914
1500;15724;14605;0.02007889747619629
1500;15697;14559;0.023189783096313477
1500;15652;14503;0.02451801300048828
1500;15626;14485;0.01779961585998535
1500;15671;14536;0.02022576332092285
1500;15667;14530;0.018719196319580078
1500;15612;14469;0.01911187171936035
1500;15759;14622;0.018167972564697266
1600;17178;15952;0.01937580108642578
1600;17018;15781;0.019272565841674805
1600;17092;15843;0.020990371704101562
1600;17024;15788;0.020700454711914062
1600;17002;15783;0.01938009262084961
1600;16932;15707;0.019008636474609375
1600;17214;15990;0.019301414489746094
1600;17035;15815;0.020468711853027344
1600;17037;15793;0.019580841064453125
1600;17107;15884;0.01926445960998535
1700;18609;17280;0.021260738372802734
1700;18418;17107;0.02348041534423828
1700;18398;17092;0.02097916603088379
1700;18321;16996;0.020641803741455078
1700;18585;17249;0.020832538604736328
1700;18451;17119;0.022183656692504883
1700;18415;17118;0.02379155158996582
1700;18411;17071;0.023437023162841797
1700;18401;17094;0.021050691604614258
1700;18481;17127;0.03234577178955078
1800;19758;18314;0.022535324096679688
1800;19954;18500;0.024074792861938477
1800;20057;18613;0.022868871688842773
1800;19810;18369;0.025272846221923828
1800;19807;18357;0.022226333618164062
1800;20020;18591;0.024677753448486328
1800;19840;18411;0.022284269332885742
1800;19817;18390;0.02492356300354004
1800;19979;18545;0.027509450912475586
1800;19855;18419;0.023235082626342773
1900;21514;19973;0.024381399154663086
1900;21449;19943;0.026280641555786133
1900;21476;19942;0.02405071258544922
1900;21430;19932;0.02457451820373535
1900;21280;19754;0.02362513542175293
1900;21343;19811;0.02798175811767578
1900;21170;19653;0.025104999542236328
1900;21244;19736;0.024369001388549805
1900;21534;20004;0.02427363395690918
1900;21326;19796;0.027038097381591797
2000;23083;21459;0.025823354721069336
2000;22972;21332;0.026320934295654297
2000;22858;21217;0.02571558952331543
2000;23259;21611;0.03063225746154785
2000;22954;21339;0.026092529296875
2000;22912;21283;0.02530193328857422
2000;22817;21197;0.02658247947692871
2000;22749;21127;0.026509761810302734
2000;22791;21169;0.027224302291870117
2000;22862;21215;0.025702238082885742
2100;24483;22732;0.030531644821166992
2100;24451;22723;0.027483224868774414
2100;24457;22740;0.026946306228637695
2100;24579;22852;0.030171871185302734
2100;24712;22963;0.028331995010375977
2100;24372;22651;0.02973794937133789
2100;24366;22644;0.029369831085205078
2100;24410;22680;0.027814149856567383
2100;24596;22882;0.03042459487915039
2100;24595;22872;0.029501914978027344
2200;26201;24375;0.028795719146728516
2200;25805;23974;0.028126001358032227
2200;26522;24688;0.03334403038024902
2200;26216;24354;0.030123233795166016
2200;26064;24243;0.028818130493164062
2200;26095;24276;0.030464887619018555
2200;26163;24290;0.028646230697631836
2200;26107;24269;0.0284883975982666
2200;26113;24282;0.030945777893066406
2200;26256;24410;0.03035879135131836
2300;27759;25829;0.030898571014404297
2300;27725;25800;0.03253936767578125
2300;27729;25790;0.030653715133666992
2300;27996;26038;0.03008127212524414
2300;28016;26097;0.03331899642944336
2300;27758;25829;0.03477358818054199
2300;27592;25656;0.031350135803222656
2300;27795;25885;0.033664703369140625
2300;27870;25928;0.030953645706176758
2300;27528;25571;0.03230762481689453
2400;29512;27487;0.03524637222290039
2400;29410;27390;0.033696651458740234
2400;29529;27490;0.03194451332092285
2400;29171;27157;0.0363771915435791
2400;29444;27442;0.03418922424316406
2400;29475;27443;0.03253912925720215
2400;29663;27633;0.03503108024597168
2400;29468;27439;0.03243136405944824
2400;29414;27361;0.03213381767272949
2400;29621;27628;0.03531241416931152
2500;31112;28983;0.03366208076477051
2500;30958;28821;0.03424549102783203
2500;30958;28839;0.03629016876220703
2500;31527;29397;0.03480100631713867
2500;31062;28938;0.03357219696044922
2500;31424;29311;0.038562774658203125
2500;31071;28925;0.03516221046447754
2500;31192;29081;0.03356313705444336
2500;30803;28668;0.03790712356567383
2500;31139;28981;0.034380435943603516
2600;31429;29338;0.03488278388977051
2600;31485;29357;0.03763532638549805
2600;31303;29180;0.03465914726257324
2600;31678;29557;0.0350346565246582
2600;31264;29148;0.03966331481933594
2600;31698;29604;0.03926205635070801
2600;31718;29618;0.03996586799621582
2600;31461;29339;0.03633856773376465
2600;31320;29195;0.034674882888793945
2600;31284;29193;0.0346982479095459
2700;30236;28272;0.04129910469055176
2700;30084;28112;0.037395477294921875
2700;30002;28035;0.034759521484375
2700;29994;28062;0.037277936935424805
2700;29979;28032;0.0349733829498291
2700;29951;27979;0.03493094444274902
2700;29958;28021;0.037378549575805664
2700;30086;28118;0.03525662422180176
2700;29941;27974;0.03482866287231445
2700;30000;28019;0.03828692436218262
2800;31511;29448;0.03915524482727051
2800;31350;29287;0.0379946231842041
2800;31274;29239;0.03927159309387207
2800;31277;29216;0.03665971755981445
2800;31265;29224;0.0386965274810791
2800;31272;29209;0.042563676834106445
2800;31300;29245;0.03695511817932129
2800;31451;29384;0.04036235809326172
2800;31327;29279;0.039581298828125
2800;31414;29346;0.036629676818847656
2900;32749;30581;0.038393259048461914
2900;32695;30549;0.040598154067993164
2900;32776;30590;0.040335655212402344
2900;32900;30730;0.0379481315612793
2900;32913;30800;0.038851022720336914
2900;33004;30832;0.038120269775390625
2900;32795;30633;0.03970670700073242
2900;32936;30766;0.03943610191345215
2900;32918;30762;0.04073786735534668
2900;32770;30623;0.038747549057006836
3000;34230;31981;0.04209542274475098
3000;34235;31970;0.03979825973510742
3000;34266;32007;0.039906978607177734
3000;34417;32146;0.04050040245056152
3000;34271;32004;0.039920806884765625
3000;34293;32046;0.04425501823425293
3000;34432;32192;0.04009199142456055
3000;34400;32173;0.045342206954956055
3000;34425;32170;0.040978431701660156
3000;34612;32347;0.0399775505065918
3100;35783;33445;0.04185962677001953
3100;35833;33466;0.043558359146118164
3100;35689;33347;0.04342937469482422
3100;35675;33311;0.04105114936828613
3100;35770;33414;0.04221296310424805
3100;35806;33434;0.04148983955383301
3100;35861;33466;0.04208040237426758
3100;36068;33709;0.0416562557220459
3100;35615;33283;0.041663169860839844
3100;35846;33503;0.047981977462768555
3200;37209;34719;0.04563260078430176
3200;37376;34911;0.042855024337768555
3200;37477;35034;0.04408383369445801
3200;37288;34867;0.043412208557128906
3200;37303;34842;0.048323631286621094
3200;37201;34746;0.04581189155578613
3200;37429;34944;0.04456162452697754
3200;37089;34638;0.042497873306274414
3200;37197;34690;0.04434347152709961
3200;37380;34949;0.04466819763183594
3300;38712;36125;0.04800558090209961
3300;38785;36213;0.04448413848876953
3300;38726;36175;0.04613614082336426
3300;38603;36059;0.04486799240112305
3300;38794;36229;0.04622936248779297
3300;38635;36079;0.04438591003417969
3300;38661;36095;0.06818199157714844
3300;38797;36222;0.0636296272277832
3300;38748;36182;0.06182384490966797
3300;38875;36329;0.049043893814086914
3400;40439;37760;0.05084824562072754
3400;40312;37621;0.049860477447509766
3400;40211;37568;0.04895520210266113
3400;40078;37392;0.04625058174133301
3400;40466;37827;0.05046987533569336
3400;40401;37710;0.04684948921203613
3400;40572;37903;0.052199363708496094
3400;40269;37624;0.04612851142883301
3400;40493;37831;0.04806661605834961
3400;40349;37673;0.046658992767333984
3500;41781;39006;0.048876285552978516
3500;41770;39006;0.04754948616027832
3500;41738;38985;0.05815744400024414
3500;41853;39097;0.0476987361907959
3500;41616;38852;0.04997873306274414
3500;41921;39177;0.04796600341796875
3500;41603;38846;0.05269122123718262
3500;41779;39024;0.05362534523010254
3500;41708;38958;0.0517578125
3500;42013;39258;0.04800701141357422
3600;43551;40686;0.05218219757080078
3600;43336;40486;0.048797607421875
3600;43404;40548;0.052474260330200195
3600;43312;40478;0.048648834228515625
3600;43375;40565;0.051310062408447266
3600;43609;40770;0.049028635025024414
3600;43324;40475;0.0514826774597168
3600;43478;40608;0.05036473274230957
3600;43263;40385;0.05801725387573242
3600;43489;40631;0.04956388473510742
3700;45242;42326;0.05357480049133301
3700;44855;41885;0.05089426040649414
3700;45024;42046;0.057816505432128906
3700;45075;42138;0.05533289909362793
3700;44836;41857;0.05342435836791992
3700;45069;42120;0.05076026916503906
3700;45140;42213;0.05269026756286621
3700;44848;41885;0.050519704818725586
3700;44741;41760;0.055493831634521484
3700;45223;42282;0.0508577823638916
3800;46522;43491;0.05402565002441406
3800;46816;43731;0.05247640609741211
3800;46614;43572;0.05461835861206055
3800;46703;43658;0.05362248420715332
3800;46733;43658;0.05392289161682129
3800;46712;43672;0.05246305465698242
3800;46713;43684;0.054395198822021484
3800;46533;43496;0.054384708404541016
3800;46506;43454;0.05857419967651367
3800;46546;43493;0.05305910110473633
3900;48134;44975;0.056249380111694336
3900;48244;45067;0.0536036491394043
3900;48114;44932;0.05619525909423828
3900;48029;44853;0.053899288177490234
3900;48372;45188;0.055823564529418945
3900;48214;45066;0.05399680137634277
3900;48354;45219;0.05559039115905762
3900;48166;45037;0.05446934700012207
3900;48265;45121;0.05869793891906738
3900;48389;45208;0.054334163665771484
4000;50097;46868;0.05791902542114258
4000;49696;46462;0.05537128448486328
4000;50026;46776;0.0642547607421875
4000;49608;46342;0.05927538871765137
4000;49771;46517;0.05812406539916992
4000;49854;46641;0.05524182319641113
4000;49439;46190;0.057402849197387695
4000;49801;46546;0.059073686599731445
4000;49700;46438;0.060408592224121094
4000;49810;46554;0.055335044860839844
4100;51686;48345;0.05946087837219238
4100;51457;48093;0.058216094970703125
4100;51364;48009;0.19719505310058594
4100;51491;48141;0.059586524963378906
4100;51543;48205;0.06374716758728027
4100;51694;48333;0.0604095458984375
4100;51461;48092;0.059175729751586914
4100;51608;48297;0.05788755416870117
4100;51374;48047;0.059383392333984375
4100;51249;47903;0.056859731674194336
4200;53118;49685;0.06225848197937012
4200;53179;49756;0.05916452407836914
4200;53091;49642;0.06097245216369629
4200;53483;50037;0.061541080474853516
4200;53321;49846;0.06383204460144043
4200;53130;49651;0.05956268310546875
4200;53389;49917;0.06208968162536621
4200;53127;49679;0.06161212921142578
4200;53365;49906;0.06558966636657715
4200;53481;50015;0.05959653854370117
4300;54750;51168;0.06306624412536621
4300;54992;51425;0.06093120574951172
4300;55376;51826;0.06414270401000977
4300;54782;51228;0.0656578540802002
4300;54829;51254;0.06350207328796387
4300;55020;51461;0.06093955039978027
4300;54984;51462;0.06653189659118652
4300;54919;51373;0.06089329719543457
4300;54923;51391;0.06357622146606445
4300;54873;51323;0.06065106391906738
4400;56822;53160;0.06803154945373535
4400;56852;53200;0.06413602828979492
4400;56798;53126;0.06888723373413086
4400;56532;52881;0.06242942810058594
4400;56752;53074;0.06553268432617188
4400;56776;53133;0.06270027160644531
4400;56935;53307;0.06510567665100098
4400;56457;52806;0.061807870864868164
4400;56615;52949;0.0653848648071289
4400;56839;53179;0.06399893760681152
4500;58795;55046;0.06959986686706543
4500;58567;54802;0.06505179405212402
4500;58405;54642;0.0694122314453125
4500;58445;54690;0.06786489486694336
4500;58256;54487;0.06680607795715332
4500;58438;54689;0.06438136100769043
4500;58321;54539;0.0670325756072998
4500;58323;54589;0.06477808952331543
4500;58616;54875;0.06728959083557129
4500;58351;54612;0.06708574295043945
4600;59977;56172;0.06868290901184082
4600;59989;56124;0.06820297241210938
4600;59862;56001;0.06841540336608887
4600;60154;56323;0.06645965576171875
4600;60451;56634;0.07156085968017578
4600;60036;56212;0.06926321983337402
4600;60690;56808;0.06935358047485352
4600;59948;56125;0.07050275802612305
4600;59997;56167;0.06843423843383789
4600;60262;56415;0.06600761413574219
4700;61747;57750;0.07085847854614258
4700;62399;58419;0.06860136985778809
4700;61913;57971;0.06954693794250488
4700;61659;57717;0.07037067413330078
4700;62204;58253;0.0694417953491211
4700;61805;57884;0.07135796546936035
4700;61991;58002;0.07227325439453125
4700;62132;58209;0.07319188117980957
4700;62147;58202;0.06850075721740723
4700;62109;58164;0.06952738761901855
4800;64038;59980;0.07081294059753418
4800;63727;59682;0.07007813453674316
4800;63470;59409;0.07142448425292969
4800;63527;59503;0.0732579231262207
4800;63707;59634;0.07354211807250977
4800;64082;60019;0.07061266899108887
4800;63806;59770;0.0709540843963623
4800;64156;60097;0.06982183456420898
4800;63573;59550;0.07399511337280273
4800;63459;59446;0.06963729858398438
4900;65179;61048;0.07342028617858887
4900;65958;61855;0.07259035110473633
4900;65397;61243;0.07246184349060059
4900;65973;61819;0.07185769081115723
4900;65937;61780;0.07303142547607422
4900;65423;61280;0.07234644889831543
4900;65686;61503;0.07260942459106445
4900;65393;61270;0.07168912887573242
4900;65853;61720;0.07578444480895996
4900;65336;61201;0.07890534400939941
5000;67143;62896;0.07315611839294434
5000;67280;63048;0.07346892356872559
5000;67315;63074;0.07362580299377441
5000;67185;62945;0.07304501533508301
5000;67022;62753;0.07425785064697266
5000;67202;62952;0.07313036918640137
5000;67600;63344;0.07680630683898926
5000;67549;63291;0.0736839771270752
5000;67517;63260;0.07596492767333984
5000;67202;62973;0.07555246353149414
5100;69335;64983;0.08323979377746582
5100;68922;64589;0.08245468139648438
5100;69639;65290;0.08337759971618652
5100;69719;65373;0.08696794509887695
5100;69827;65470;0.08633828163146973
5100;69644;65268;0.08607053756713867
5100;69063;64701;0.08643937110900879
5100;69563;65227;0.08937788009643555
5100;69675;65333;0.08879971504211426
5100;69511;65162;0.08906006813049316
5200;68101;63874;0.09010958671569824
5200;68208;63960;0.09003090858459473
5200;68283;64070;0.08890247344970703
5200;68073;63883;0.08671021461486816
5200;67994;63795;0.08666276931762695
5200;68203;63954;0.09100079536437988
5200;68154;63950;0.08994841575622559
5200;68151;63935;0.08908939361572266
5200;68256;64044;0.08683633804321289
5200;67929;63671;0.09079170227050781
5300;66391;62345;0.09142827987670898
5300;66177;62137;0.09094786643981934
5300;66375;62347;0.09085822105407715
5300;66418;62391;0.08844780921936035
5300;66173;62129;0.08739638328552246
5300;66714;62625;0.09093117713928223
5300;66549;62531;0.08972644805908203
5300;66214;62188;0.0871889591217041
5300;66270;62206;0.09243178367614746
5300;66475;62408;0.09058833122253418
5400;65473;61533;0.08913516998291016
5400;65557;61598;0.08821511268615723
5400;65305;61432;0.08826565742492676
5400;65471;61557;0.08946657180786133
5400;65472;61569;0.09222936630249023
5400;65514;61572;0.09169602394104004
5400;65460;61551;0.09157776832580566
5400;65356;61423;0.09236502647399902
5400;65602;61689;0.0917668342590332
5400;65460;61528;0.09076547622680664
5500;66899;62897;0.09094786643981934
5500;66986;62976;0.09362673759460449
5500;67150;63108;0.09421086311340332
5500;66762;62769;0.0900723934173584
5500;66837;62785;0.09406304359436035
5500;66641;62606;0.09401750564575195
5500;67009;63002;0.09089159965515137
5500;66901;62905;0.09370255470275879
5500;67048;63017;0.09282517433166504
5500;66902;62937;0.09023690223693848
5600;68568;64474;0.09221506118774414
5600;68877;64808;0.09328794479370117
5600;68236;64144;0.09220433235168457
5600;68439;64310;0.09401607513427734
5600;68606;64459;0.0933372974395752
5600;68456;64310;0.0921173095703125
5600;68381;64304;0.09206247329711914
5600;68316;64201;0.09194278717041016
5600;68446;64333;0.09254097938537598
5600;68357;64187;0.09236884117126465
5700;70171;65950;0.09474635124206543
5700;69757;65540;0.0940251350402832
5700;69881;65680;0.09290790557861328
5700;70078;65889;0.09509420394897461
5700;69983;65719;0.09563159942626953
5700;70106;65870;0.09880185127258301
5700;69990;65792;0.09396791458129883
5700;70128;65857;0.09225082397460938
5700;70166;65917;0.09137415885925293
5700;70017;65779;0.09187102317810059
5800;71279;66964;0.09243988990783691
5800;71566;67217;0.09270071983337402
5800;71565;67230;0.09320259094238281
5800;71672;67355;0.09311771392822266
5800;71520;67234;0.09311366081237793
5800;71667;67338;0.09366488456726074
5800;71471;67160;0.09281635284423828
5800;71298;66990;0.09342551231384277
5800;71891;67563;0.09294629096984863
5800;71509;67171;0.0946652889251709
5900;73127;68667;0.09617185592651367
5900;73113;68658;0.09619641304016113
5900;72738;68307;0.09312629699707031
5900;73082;68672;0.0921635627746582
5900;73121;68701;0.09467840194702148
5900;72998;68533;0.09209942817687988
5900;72926;68539;0.09239888191223145
5900;72940;68501;0.0925295352935791
5900;73146;68724;0.09143948554992676
5900;73083;68637;0.09599757194519043
6000;74675;70176;0.09420418739318848
6000;74674;70153;0.09323692321777344
6000;74858;70370;0.0933985710144043
6000;74758;70234;0.09488821029663086
6000;74641;70088;0.09362626075744629
6000;74658;70172;0.09400367736816406
6000;74725;70197;0.0931704044342041
6000;74874;70313;0.09694027900695801
6000;74742;70162;0.09401941299438477
6000;74775;70248;0.09523415565490723
6100;75932;71317;0.09494614601135254
6100;76168;71554;0.09515714645385742
6100;76392;71770;0.09337043762207031
6100;76196;71591;0.09288311004638672
6100;76414;71811;0.09282374382019043
6100;76510;71859;0.09715628623962402
6100;75830;71186;0.0954582691192627
6100;76499;71846;0.09361052513122559
6100;76227;71646;0.09237480163574219
6100;75984;71400;0.09415197372436523
6200;77912;73149;0.09443950653076172
6200;78030;73272;0.09773731231689453
6200;77369;72659;0.09771084785461426
6200;77852;73098;0.09401750564575195
6200;77974;73285;0.09418439865112305
6200;77840;73166;0.09833788871765137
6200;77639;72925;0.09348344802856445
6200;77549;72802;0.09620881080627441
6200;77988;73262;0.09381866455078125
6200;77966;73270;0.09555292129516602
6300;79313;74504;0.09952688217163086
6300;79041;74237;0.0968012809753418
6300;79322;74573;0.0967564582824707
6300;79347;74519;0.09783506393432617
6300;79268;74528;0.09666609764099121
6300;79272;74472;0.09538054466247559
6300;79554;74675;0.0963587760925293
6300;79575;74717;0.09572315216064453
6300;79369;74519;0.09972524642944336
6300;79339;74541;0.09702062606811523
6400;81004;76043;0.09742045402526855
6400;80886;75932;0.09725332260131836
6400;80664;75728;0.09733271598815918
6400;80860;75877;0.09734749794006348
6400;81166;76228;0.10011100769042969
6400;81022;76098;0.09736132621765137
6400;80976;76032;0.09734725952148438
6400;81101;76158;0.09997034072875977
6400;81067;76144;0.09767913818359375
6400;80929;75990;0.09962677955627441
6500;82202;77179;0.10165262222290039
6500;82640;77672;0.09918022155761719
6500;82487;77536;0.09919381141662598
6500;82774;77735;0.09895491600036621
6500;82671;77624;0.09945869445800781
6500;82332;77322;0.10184931755065918
6500;82535;77501;0.0995628833770752
6500;82890;77873;0.09942126274108887
6500;82522;77517;0.10147285461425781
6500;82506;77506;0.09902238845825195
6600;84226;79114;0.1030721664428711
6600;84131;79050;0.10190320014953613
6600;84383;79265;0.1012108325958252
6600;84071;78962;0.1015782356262207
6600;83994;78869;0.1011803150177002
6600;84182;79017;0.10166740417480469
6600;84027;78895;0.1071016788482666
6600;84310;79207;0.10102510452270508
6600;84138;79084;0.10110616683959961
6600;83965;78867;0.10049271583557129
6700;85808;80549;0.10454010963439941
6700;85833;80654;0.10551214218139648
6700;85729;80519;0.10352611541748047
6700;85893;80687;0.10324764251708984
6700;85945;80731;0.11022520065307617
6700;85839;80614;0.10379648208618164
6700;85764;80529;0.10297298431396484
6700;85502;80288;0.10463404655456543
6700;85873;80701;0.10251593589782715
6700;85652;80459;0.1037299633026123
6800;87277;81913;0.10541272163391113
6800;87175;81886;0.10458183288574219
6800;88017;82741;0.11406731605529785
6800;87381;82059;0.10430312156677246
6800;87370;82105;0.10468816757202148
6800;87420;82102;0.10452890396118164
6800;87573;82271;0.10477471351623535
6800;86871;81549;0.1088416576385498
6800;87146;81839;0.10547661781311035
6800;87306;81968;0.10848808288574219
6900;88934;83509;0.10617470741271973
6900;89416;84007;0.10667133331298828
6900;88871;83428;0.10973095893859863
6900;89165;83735;0.1084141731262207
6900;89251;83863;0.10728120803833008
6900;89535;84115;0.10718607902526855
6900;88908;83481;0.10665440559387207
6900;89235;83843;0.10958123207092285
6900;88981;83543;0.1065988540649414
6900;89079;83695;0.10666108131408691
7000;90385;84869;0.10823321342468262
7000;90857;85324;0.10945749282836914
7000;90384;84862;0.10886859893798828
7000;90941;85407;0.11218047142028809
7000;90769;85273;0.11051368713378906
7000;90464;84967;0.1086878776550293
7000;90704;85186;0.10904932022094727
7000;90691;85220;0.10905623435974121
7000;90603;85122;0.11173605918884277
7000;90641;85123;0.1092832088470459
7100;92126;86498;0.11031365394592285
7100;92188;86610;0.10991907119750977
7100;92403;86784;0.11486339569091797
7100;92382;86742;0.11254596710205078
7100;92469;86864;0.10917544364929199
7100;92342;86740;0.11156630516052246
7100;91897;86302;0.11009573936462402
7100;92741;87126;0.11373090744018555
7100;92398;86772;0.11108851432800293
7100;91734;86175;0.11194777488708496
7200;94287;88601;0.11244559288024902
7200;93767;88059;0.11193513870239258
7200;94033;88351;0.11190390586853027
7200;93961;88214;0.11447763442993164
7200;93748;88023;0.11260223388671875
7200;93973;88287;0.11184239387512207
7200;94043;88373;0.11243367195129395
7200;93854;88109;0.11522412300109863
7200;94072;88351;0.11516475677490234
7200;93890;88170;0.11250615119934082
7300;95393;89562;0.11408400535583496
7300;95533;89749;0.11594176292419434
7300;95888;90066;0.11384987831115723
7300;95504;89666;0.11526298522949219
7300;96117;90313;0.11893057823181152
7300;95608;89823;0.11422276496887207
7300;95797;89908;0.11349821090698242
7300;95990;90191;0.11509585380554199
7300;96017;90242;0.11479663848876953
7300;96167;90363;0.11398983001708984
7400;97253;91327;0.11542177200317383
7400;97250;91308;0.12180304527282715
7400;97628;91679;0.11709189414978027
7400;97945;92082;0.11609077453613281
7400;97165;91246;0.11584973335266113
7400;97656;91794;0.11737799644470215
7400;97576;91668;0.11581301689147949
7400;97331;91412;0.11961078643798828
7400;97597;91597;0.11882233619689941
7400;97394;91457;0.11542606353759766
7500;99193;93196;0.11762022972106934
7500;99427;93433;0.11807084083557129
7500;99170;93193;0.12321305274963379
7500;99295;93331;0.11806559562683105
7500;99181;93208;0.11772680282592773
7500;98903;92855;0.12223434448242188
7500;98965;93015;0.11927485466003418
7500;99125;93103;0.11852550506591797
7500;99129;93122;0.11720919609069824
7500;99087;93043;0.12125468254089355
7600;101008;94906;0.11978816986083984
7600;100467;94353;0.12157702445983887
7600;100618;94554;0.12080931663513184
7600;100932;94781;0.11964702606201172
7600;100894;94778;0.11882948875427246
7600;100755;94605;0.1188502311706543
7600;100968;94857;0.12215209007263184
7600;101085;94909;0.12019681930541992
7600;100835;94736;0.12141013145446777
7600;100334;94223;0.1181325912475586
7700;102391;96149;0.1219477653503418
7700;102334;96136;0.12135553359985352
7700;102578;96362;0.12132477760314941
7700;102573;96390;0.12297987937927246
7700;102570;96358;0.1218564510345459
7700;102273;96113;0.12913250923156738
7700;102514;96312;0.12059330940246582
7700;102537;96308;0.1207571029663086
7700;102269;96053;0.11972427368164062
7700;102815;96610;0.1228797435760498
7800;104101;97794;0.12383222579956055
7800;104334;98048;0.12362527847290039
7800;104379;98123;0.13119029998779297
7800;104273;97972;0.12331342697143555
7800;104389;98061;0.12680506706237793
7800;104393;98110;0.12606287002563477
7800;103904;97603;0.12423920631408691
7800;104029;97716;0.12359428405761719
7800;104421;98132;0.12972354888916016
7800;104452;98154;0.1273047924041748
7900;106285;99852;0.12924933433532715
7900;105641;99240;0.12716126441955566
7900;105669;99239;0.12975311279296875
7900;106373;99965;0.13042140007019043
7900;106021;99613;0.12919044494628906
7900;106171;99756;0.13457345962524414
7900;106178;99720;0.13023090362548828
7900;106303;99880;0.13041901588439941
7900;106286;99817;0.13351106643676758
7900;105734;99346;0.1336982250213623
8000;107781;101292;0.13617730140686035
8000;107588;101141;0.14130425453186035
8000;107423;100923;0.13903141021728516
8000;108007;101494;0.13692617416381836
8000;107407;100886;0.13463687896728516
8000;108114;101607;0.14191865921020508
8000;107842;101310;0.14168548583984375
8000;108072;101569;0.14132165908813477
8000;107656;101182;0.14001107215881348
8000;107717;101208;0.14336466789245605
8100;109736;103112;0.15359258651733398
8100;109633;103030;0.15093421936035156
8100;109875;103327;0.1488659381866455
8100;109641;103019;0.14780569076538086
8100;109504;102922;0.1438279151916504
8100;110007;103378;0.1423187255859375
8100;109262;102744;0.1424095630645752
8100;109655;103079;0.14362311363220215
8100;109577;102981;0.14538812637329102
8100;109309;102688;0.14214634895324707
8200;111610;104915;0.1448841094970703
8200;111156;104400;0.14704298973083496
8200;111219;104482;0.14717602729797363
8200;111312;104582;0.139601469039917
8200;111247;104551;0.14295172691345215
8200;111208;104513;0.14188027381896973
8200;111234;104526;0.1389317512512207
8200;110995;104287;0.13896608352661133
8200;111708;104981;0.13988947868347168
8200;111022;104310;0.1398327350616455
8300;112924;106209;0.1434464454650879
8300;113084;106309;0.14161443710327148
8300;113358;106556;0.14191269874572754
8300;113136;106340;0.14488816261291504
8300;113003;106220;0.14140534400939941
8300;113279;106434;0.13855576515197754
8300;113017;106172;0.13944196701049805
8300;112876;106058;0.14320921897888184
8300;112580;105793;0.13723301887512207
8300;113400;106560;0.13919973373413086
8400;114443;107561;0.14207720756530762
8400;115390;108464;0.1417984962463379
8400;114414;107526;0.14036965370178223
8400;115010;108067;0.1386725902557373
8400;114517;107649;0.13834118843078613
8400;114791;107915;0.14266347885131836
8400;114808;107925;0.13887476921081543
8400;114791;107878;0.13904953002929688
8400;115074;108180;0.13871073722839355
8400;114841;107885;0.1398942470550537
8500;116431;109397;0.13759756088256836
8500;116532;109517;0.14108657836914062
8500;116821;109816;0.13695883750915527
8500;116213;109251;0.1448225975036621
8500;117171;110150;0.1386244297027588
8500;116346;109351;0.13715004920959473
8500;116280;109326;0.1365823745727539
8500;116315;109321;0.1400585174560547
8500;116760;109794;0.1368091106414795
8500;116837;109832;0.14390778541564941
8600;118857;111795;0.13914060592651367
8600;118353;111318;0.1410524845123291
8600;118704;111644;0.1386873722076416
8600;118940;111852;0.14148950576782227
8600;118385;111324;0.13906526565551758
8600;118158;111061;0.14558124542236328
8600;117862;110741;0.13837027549743652
8600;118474;111428;0.1396181583404541
8600;119119;111966;0.1388378143310547
8600;119098;111968;0.14265727996826172
8700;120520;113288;0.14185357093811035
8700;120252;113009;0.14603328704833984
8700;120081;112850;0.14024806022644043
8700;120350;113150;0.14284205436706543
8700;120042;112885;0.14011216163635254
8700;120765;113570;0.14135408401489258
8700;119790;112592;0.1406111717224121
8700;120197;112974;0.14369678497314453
8700;120506;113300;0.14085173606872559
8700;120016;112819;0.14013290405273438
8800;122202;114924;0.14339065551757812
8800;121937;114613;0.1449112892150879
8800;121909;114625;0.14937543869018555
8800;121796;114509;0.1477346420288086
8800;122428;115136;0.14570999145507812
8800;121413;114118;0.14261198043823242
8800;122085;114779;0.14487028121948242
8800;121914;114637;0.14215660095214844
8800;122285;115033;0.1461200714111328
8800;121698;114429;0.14255118370056152
8900;124094;116732;0.14486956596374512
8900;123945;116535;0.14525556564331055
8900;124232;116832;0.1489272117614746
8900;123853;116441;0.14484715461730957
8900;124266;116834;0.14940738677978516
8900;123846;116473;0.14481496810913086
8900;124036;116603;0.14966273307800293
8900;124252;116790;0.14716100692749023
8900;123562;116221;0.1444704532623291
8900;124235;116835;0.14953112602233887
9000;126012;118506;0.1500866413116455
9000;126123;118645;0.15053796768188477
9000;125710;118198;0.14676785469055176
9000;126298;118816;0.14764809608459473
9000;126415;118911;0.1487126350402832
9000;125901;118371;0.15161705017089844
9000;125584;118068;0.14620757102966309
9000;125429;117899;0.1470661163330078
9000;125572;118044;0.14792442321777344
9000;125855;118321;0.14722990989685059
9100;127564;119954;0.1501023769378662
9100;127623;119977;0.15055608749389648
9100;128027;120363;0.14957308769226074
9100;128003;120346;0.14847850799560547
9100;127752;120161;0.15143060684204102
9100;127633;120022;0.15193867683410645
9100;127709;120126;0.15071606636047363
9100;127581;119965;0.147416353225708
9100;127401;119804;0.14754605293273926
9100;127231;119677;0.15183067321777344
9200;129765;122037;0.15054106712341309
9200;129265;121584;0.151763916015625
9200;129621;121891;0.15186738967895508
9200;129115;121407;0.15100431442260742
9200;129324;121607;0.1490647792816162
9200;128818;121112;0.15330815315246582
9200;129355;121619;0.15172958374023438
9200;129735;122023;0.15289783477783203
9200;129675;121959;0.14997649192810059
9200;129347;121688;0.14937758445739746
9300;131629;123821;0.15983176231384277
9300;131445;123608;0.1530742645263672
9300;131569;123777;0.15554332733154297
9300;131499;123663;0.1534256935119629
9300;131278;123458;0.15570282936096191
9300;131299;123508;0.1535792350769043
9300;131150;123360;0.1541273593902588
9300;131117;123344;0.1546945571899414
9300;130959;123116;0.15358686447143555
9300;131204;123469;0.15157771110534668
9400;133386;125480;0.15480947494506836
9400;133815;125913;0.16211891174316406
9400;133297;125439;0.15572071075439453
9400;133603;125641;0.16406702995300293
9400;133280;125392;0.15494823455810547
9400;133197;125241;0.15503644943237305
9400;133154;125190;0.15484309196472168
9400;132781;124865;0.15448331832885742
9400;133121;125212;0.15950870513916016
9400;133456;125532;0.15632295608520508
9500;135272;127250;0.15668249130249023
9500;135118;127071;0.15827727317810059
9500;135014;126984;0.16285133361816406
9500;135616;127619;0.15954041481018066
9500;135617;127656;0.16004276275634766
9500;135623;127622;0.16054058074951172
9500;135494;127465;0.15688467025756836
9500;135331;127281;0.15784645080566406
9500;135380;127401;0.1577286720275879
9500;135525;127497;0.16136622428894043
9600;138040;129940;0.15911173820495605
9600;137222;129149;0.1587831974029541
9600;137238;129173;0.1646556854248047
9600;136910;128831;0.15869760513305664
9600;136586;128496;0.16120529174804688
9600;136894;128800;0.15780949592590332
9600;136273;128236;0.1602475643157959
9600;136876;128815;0.15958094596862793
9600;137076;128986;0.15948247909545898
9600;136858;128777;0.16481995582580566
9700;139374;131119;0.1607825756072998
9700;138997;130773;0.16068339347839355
9700;139070;130864;0.16151952743530273
9700;139331;131129;0.16336703300476074
9700;138599;130343;0.16502857208251953
9700;139071;130868;0.16095709800720215
9700;139279;131116;0.162614107131958
9700;138848;130658;0.16115641593933105
9700;139026;130809;0.1610720157623291
9700;138764;130535;0.16330218315124512
9800;140634;132353;0.1643204689025879
9800;141277;132958;0.16303467750549316
9800;141021;132706;0.1639869213104248
9800;140847;132519;0.16493654251098633
9800;140723;132431;0.1661992073059082
9800;140289;132055;0.16298866271972656
9800;141376;133122;0.16255950927734375
9800;140758;132355;0.16549968719482422
9800;140483;132196;0.16243600845336914
9800;140733;132423;0.16590428352355957
9900;143212;134838;0.1664893627166748
9900;143461;135026;0.16516995429992676
9900;142844;134451;0.16531658172607422
9900;143235;134800;0.1658344268798828
9900;143094;134695;0.172990083694458
9900;143161;134726;0.1662590503692627
9900;143033;134564;0.16784286499023438
9900;143407;134994;0.17181015014648438
9900;143264;134795;0.17123627662658691
9900;142581;134176;0.17270684242248535
10000;144405;135917;0.17863059043884277
10000;144367;135872;0.17394685745239258
10000;144961;136444;0.1774749755859375
10000;144077;135561;0.17930293083190918
10000;145108;136623;0.18090105056762695
10000;145113;136651;0.18264460563659668
10000;145059;136619;0.17933106422424316
10000;144943;136447;0.18436694145202637
10000;144893;136392;0.18610596656799316
10000;144669;136145;0.18659090995788574
