50
0 1 10.05
0 2 20.11
0 3 6.22
0 4 17.31
0 5 20.78
0 6 18.29
0 7 14.04
0 8 6.19
0 9 16.61
0 10 12.85
0 11 19.03
0 12 8.04
0 13 8.18
0 14 21.06
0 15 1.26
0 16 15.85
0 17 19.41
0 18 16.97
0 19 14.66
0 20 9.61
0 21 12.05
0 22 20.83
0 23 18.22
0 24 10.42
0 25 20.38
0 26 8.66
0 27 4.49
0 28 8.91
0 29 8.56
0 30 17.14
0 31 18.53
0 32 8.79
0 33 22.09
0 34 23.91
0 35 9.12
0 36 9.59
0 37 11.18
0 38 12.88
0 39 19.56
0 40 8.42
0 41 12.12
0 42 4.25
0 43 14.64
0 44 16.78
0 45 17.94
0 46 11.81
0 47 23.86
0 48 14.16
0 49 12.63
1 2 10.22
1 3 7.91
1 4 7.30
1 5 12.97
1 6 8.24
1 7 11.83
1 8 4.34
1 9 7.84
1 10 6.23
1 11 12.63
1 12 4.20
1 13 5.77
1 14 11.74
1 15 9.74
1 16 6.40
1 17 12.67
1 18 9.99
1 19 9.66
1 20 1.73
1 21 5.05
1 22 11.80
1 23 8.86
1 24 3.82
1 25 13.31
1 26 7.70
1 27 7.25
1 28 4.35
1 29 7.36
1 30 7.66
1 31 8.63
1 32 3.40
1 33 12.11
1 34 14.21
1 35 4.96
1 36 7.10
1 37 2.07
1 38 7.16
1 39 9.85
1 40 2.52
1 41 9.10
1 42 6.01
1 43 5.07
1 44 7.05
1 45 15.53
1 46 1.86
1 47 14.97
1 48 7.26
1 49 8.19
2 3 17.74
2 4 3.07
2 5 12.78
2 6 3.19
2 7 18.60
2 8 14.00
2 9 5.17
2 10 9.36
2 11 14.90
2 12 12.61
2 13 13.43
2 14 8.36
2 15 19.92
2 16 4.55
2 17 14.44
2 18 12.79
2 19 15.03
2 20 10.52
2 21 11.68
2 22 9.34
2 23 7.45
2 24 10.33
2 25 14.27
2 26 16.74
2 27 16.54
2 28 13.52
2 29 16.43
2 30 7.08
2 31 4.96
2 32 12.86
2 33 4.85
2 34 8.13
2 35 13.91
2 36 15.68
2 37 9.92
2 38 13.35
2 39 1.28
2 40 11.75
2 41 16.38
2 42 16.22
2 43 7.54
2 44 3.40
2 45 21.07
2 46 8.76
2 47 11.47
2 48 12.07
2 49 14.88
3 4 14.68
3 5 15.24
3 6 15.19
3 7 7.84
3 8 6.78
3 9 15.73
3 10 13.29
3 11 13.09
3 12 8.85
3 13 10.01
3 14 16.42
3 15 5.06
3 16 14.29
3 17 13.55
3 18 11.32
3 19 8.64
3 20 8.62
3 21 7.14
3 22 15.96
3 23 13.81
3 24 10.49
3 25 14.58
3 26 2.49
3 27 7.82
3 28 4.32
3 29 2.46
3 30 12.92
3 31 14.81
3 32 4.88
3 33 18.42
3 34 19.57
3 35 4.12
3 36 3.60
3 37 7.82
3 38 7.23
3 39 17.56
3 40 7.96
3 41 5.94
3 42 3.88
3 43 10.82
3 44 14.82
3 45 11.81
3 46 9.01
3 47 18.76
3 48 8.76
3 49 6.65
4 5 11.17
4 6 1.56
4 7 15.74
4 8 11.31
4 9 4.72
4 10 7.85
4 11 12.76
4 12 10.17
4 13 11.21
4 14 7.45
4 15 17.04
4 16 2.98
4 17 12.40
4 18 10.41
4 19 12.29
4 20 7.84
4 21 8.68
4 22 8.18
4 23 5.58
4 24 8.08
4 25 12.43
4 26 13.67
4 27 14.00
4 28 10.45
4 29 13.37
4 30 4.82
4 31 3.38
4 32 9.80
4 33 5.54
4 34 8.47
4 35 10.84
4 36 12.62
4 37 6.86
4 38 10.45
4 39 3.22
4 40 9.08
4 41 13.43
4 42 13.31
4 43 4.61
4 44 1.87
4 45 18.45
4 46 5.74
4 47 10.91
4 48 9.28
4 49 11.96
5 6 9.94
5 7 10.38
5 8 16.85
5 9 15.77
5 10 17.61
5 11 3.37
5 12 17.17
5 13 18.73
5 14 4.77
5 15 19.88
5 16 13.77
5 17 2.65
5 18 3.93
5 19 7.09
5 20 14.61
5 21 8.84
5 22 3.65
5 23 5.59
5 24 16.29
5 25 1.80
5 26 12.89
5 27 19.68
5 28 11.91
5 29 12.82
5 30 6.51
5 31 7.95
5 32 12.22
5 33 9.12
5 34 7.46
5 35 11.66
5 36 11.65
5 37 10.94
5 38 8.01
5 39 13.75
5 40 15.47
5 41 10.01
5 42 16.72
5 43 8.41
5 44 12.95
5 45 10.58
5 46 11.40
5 47 4.29
5 48 6.63
5 49 8.75
6 7 15.46
6 8 12.42
6 9 6.21
6 10 9.40
6 11 11.81
6 12 11.45
6 13 12.58
6 14 5.97
6 15 17.93
6 16 4.54
6 17 11.39
6 18 9.62
6 19 11.85
6 20 9.00
6 21 8.72
6 22 6.77
6 23 4.41
6 24 9.47
6 25 11.31
6 26 13.95
6 27 15.19
6 28 10.89
6 29 13.66
6 30 3.92
6 31 2.00
6 32 10.35
6 33 4.09
6 34 6.92
6 35 11.20
6 36 12.82
6 37 7.43
6 38 10.26
6 39 3.88
6 40 10.24
6 41 13.32
6 42 14.18
6 43 4.56
6 44 3.39
6 45 17.88
6 46 6.51
6 47 9.40
6 48 8.92
6 49 11.79
7 8 13.29
7 9 18.77
7 10 18.05
7 11 7.23
7 12 14.85
7 13 16.36
7 14 13.64
7 15 12.83
7 16 16.82
7 17 7.91
7 18 7.02
7 19 3.78
7 20 13.35
7 21 7.35
7 22 12.75
7 23 12.05
7 24 15.53
7 25 9.01
7 26 5.60
7 27 15.20
7 28 7.78
7 29 5.82
7 30 11.81
7 31 14.13
7 32 8.73
7 33 17.17
7 34 16.95
7 35 7.13
7 36 5.23
7 37 10.30
7 38 5.32
7 39 18.97
7 40 13.37
7 41 2.73
7 42 11.24
7 43 11.14
7 44 16.76
7 45 4.05
7 46 11.63
7 47 14.62
7 48 6.54
7 49 3.86
8 9 10.46
8 10 7.01
8 11 15.96
8 12 2.17
8 13 3.24
8 14 16.04
8 15 6.24
8 16 9.67
8 17 16.14
8 18 13.47
8 19 12.25
8 20 3.48
8 21 8.19
8 22 16.04
8 23 13.15
8 24 4.35
8 25 16.93
8 26 7.96
8 27 2.92
8 28 5.76
8 29 7.66
8 30 11.97
8 31 12.95
8 32 5.00
8 33 16.38
8 34 18.55
8 35 6.33
8 36 8.06
8 37 6.06
8 38 9.87
8 39 13.39
8 40 2.25
8 41 10.68
8 42 3.17
8 43 9.38
8 44 10.63
8 45 17.31
8 46 6.21
8 47 19.19
8 48 10.56
8 49 10.37
9 10 4.43
9 11 17.02
9 12 8.62
9 13 9.02
9 14 12.16
9 15 16.68
9 16 2.08
9 17 16.75
9 18 14.50
9 19 15.74
9 20 7.30
9 21 11.42
9 22 12.90
9 23 10.20
9 24 6.21
9 25 16.90
9 26 15.44
9 27 12.53
9 28 12.04
9 29 15.11
9 30 9.28
9 31 8.10
9 32 11.15
9 33 9.67
9 34 12.86
9 35 12.60
9 36 14.68
9 37 8.63
9 38 13.52
9 39 4.00
9 40 8.33
9 41 16.18
9 42 13.25
9 43 8.14
9 44 2.86
9 45 21.98
9 46 7.25
9 47 15.60
9 48 12.76
9 49 14.92
10 11 18.07
10 12 4.88
10 13 4.82
10 14 14.90
10 15 13.14
10 16 4.99
10 17 17.97
10 18 15.40
10 19 15.71
10 20 4.83
10 21 11.06
10 22 15.40
10 23 12.40
10 24 2.80
10 25 18.38
10 26 13.68
10 27 8.51
10 28 10.47
10 29 13.34
10 30 11.26
10 31 10.91
10 32 9.49
10 33 13.35
10 34 16.32
10 35 11.11
10 36 13.24
10 37 7.93
10 38 13.24
10 39 8.31
10 40 5.33
10 41 15.32
10 42 10.12
10 43 9.23
10 44 6.24
10 45 21.72
10 46 6.78
10 47 18.41
10 48 13.02
10 49 14.38
11 12 16.70
11 13 18.31
11 14 7.69
11 15 18.00
11 16 14.95
11 17 0.72
11 18 2.67
11 19 4.48
11 20 14.35
11 21 7.79
11 22 6.60
11 23 7.45
11 24 16.30
11 25 1.79
11 26 10.63
11 27 18.61
11 28 10.47
11 29 10.63
11 30 7.95
11 31 9.94
11 32 11.02
11 33 11.91
11 34 10.69
11 35 10.07
11 36 9.51
11 37 10.56
11 38 6.24
11 39 15.69
11 40 14.98
11 41 7.39
11 42 15.22
11 43 9.00
11 44 14.36
11 45 7.23
11 46 11.40
11 47 7.64
11 48 5.43
11 49 6.45
12 13 1.62
12 14 15.74
12 15 8.26
12 16 8.13
12 17 16.79
12 18 14.09
12 19 13.36
12 20 2.64
12 21 8.95
12 22 15.90
12 23 12.90
12 24 2.41
12 25 17.47
12 26 9.77
12 27 3.96
12 28 7.10
12 29 9.45
12 30 11.69
12 31 12.29
12 32 6.20
12 33 15.51
12 34 17.96
12 35 7.73
12 36 9.68
12 37 6.24
12 38 10.88
12 39 11.87
12 40 1.72
12 41 12.16
12 42 5.34
12 43 9.14
12 44 9.21
12 45 18.80
12 46 5.90
12 47 19.06
12 48 11.28
12 49 11.63
13 14 17.15
13 15 8.64
13 16 8.88
13 17 18.39
13 18 15.70
13 19 14.96
13 20 4.13
13 21 10.56
13 22 17.36
13 23 14.34
13 24 3.13
13 25 19.06
13 26 11.16
13 27 3.74
13 28 8.65
13 29 10.85
13 30 13.12
13 31 13.57
13 32 7.77
13 33 16.66
13 34 19.24
13 35 9.27
13 36 11.15
13 37 7.83
13 38 12.49
13 39 12.58
13 40 3.33
13 41 13.69
13 42 6.28
13 43 10.61
13 44 10.05
13 45 20.33
13 46 7.40
13 47 20.51
13 48 12.89
13 49 13.21
14 15 20.38
14 16 10.36
14 17 7.05
14 18 6.64
14 19 9.90
14 20 13.10
14 21 9.29
14 22 1.12
14 23 2.88
14 24 14.28
14 25 6.51
14 26 14.44
14 27 18.96
14 28 12.36
14 29 14.26
14 30 4.07
14 31 4.08
14 32 12.29
14 33 4.34
14 34 3.33
14 35 12.36
14 36 13.15
14 37 10.04
14 38 9.60
14 39 9.46
14 40 14.19
14 41 12.40
14 42 16.81
14 43 6.66
14 44 9.31
14 45 14.79
14 46 9.90
14 47 3.51
14 48 7.92
14 49 10.87
15 16 15.78
15 17 18.41
15 18 16.02
15 19 13.60
15 20 9.52
15 21 11.24
15 22 20.10
15 23 17.58
15 24 10.58
15 25 19.41
15 26 7.52
15 27 5.11
15 28 8.09
15 29 7.45
15 30 16.53
15 31 18.04
15 32 8.09
15 33 21.64
15 34 23.31
15 35 8.24
15 36 8.52
15 37 10.67
15 38 11.91
15 39 19.44
15 40 8.38
15 41 10.99
15 42 3.74
15 43 14.09
15 44 16.64
15 45 16.71
15 46 11.42
15 47 23.08
15 48 13.27
15 49 11.57
16 17 14.68
16 18 12.42
16 19 13.71
16 20 6.26
16 21 9.48
16 22 11.03
16 23 8.23
16 24 5.80
16 25 14.86
16 26 13.78
16 27 12.08
16 28 10.38
16 29 13.44
16 30 7.27
16 31 6.28
16 32 9.55
16 33 8.38
16 34 11.42
16 35 10.90
16 36 12.92
16 37 6.85
16 38 11.54
16 39 3.75
16 40 7.44
16 41 14.28
16 42 12.18
16 43 6.07
16 44 1.26
16 45 19.95
16 46 5.48
16 47 13.85
16 48 10.72
16 49 12.96
17 18 2.69
17 19 4.99
17 20 14.39
17 21 7.95
17 22 5.95
17 23 6.99
17 24 16.28
17 25 1.12
17 26 11.10
17 27 18.84
17 28 10.75
17 29 11.08
17 30 7.58
17 31 9.48
17 32 11.25
17 33 11.31
17 34 10.00
17 35 10.38
17 36 9.95
17 37 10.60
17 38 6.55
17 39 15.27
17 40 15.07
17 41 7.93
17 42 15.53
17 43 8.81
17 44 14.04
17 45 7.94
17 46 11.36
17 47 6.92
17 48 5.58
17 49 6.90
18 19 3.37
18 20 11.71
18 21 5.28
18 22 5.73
18 23 5.50
18 24 13.63
18 25 3.48
18 26 8.96
18 27 16.19
18 28 8.18
18 29 8.89
18 30 5.71
18 31 7.90
18 32 8.62
18 33 10.43
18 34 9.93
18 35 7.87
18 36 7.73
18 37 7.92
18 38 4.11
18 39 13.47
18 40 12.37
18 41 6.17
18 42 12.99
18 43 6.40
18 44 11.91
18 45 8.42
18 46 8.72
18 47 7.82
18 48 2.92
18 49 4.84
19 20 11.35
19 21 4.65
19 22 9.05
19 23 8.28
19 24 13.48
19 25 6.08
19 26 6.16
19 27 14.68
19 28 6.51
19 29 6.18
19 30 8.10
19 31 10.42
19 32 7.26
19 33 13.39
19 34 13.22
19 35 6.00
19 36 5.09
19 37 7.78
19 38 2.50
19 39 15.50
19 40 11.70
19 41 2.95
19 42 11.04
19 43 7.76
19 44 13.49
19 45 6.24
19 46 8.97
19 47 11.16
19 48 3.02
19 49 2.04
20 21 6.76
20 22 13.26
20 23 10.25
20 24 2.19
20 25 15.01
20 26 8.85
20 27 6.19
20 28 5.66
20 29 8.51
20 30 9.04
20 31 9.71
20 32 4.68
20 33 13.02
20 34 15.37
20 35 6.31
20 36 8.42
20 37 3.79
20 38 8.85
20 39 9.95
20 40 1.24
20 41 10.61
20 42 5.97
20 43 6.50
20 44 7.17
20 45 17.13
20 46 3.26
20 47 16.42
20 48 8.99
20 49 9.81
21 22 8.90
21 23 6.68
21 24 8.86
21 25 8.75
21 26 5.38
21 27 10.92
21 28 3.15
21 29 5.14
21 30 5.85
21 31 7.92
21 32 3.38
21 33 11.46
21 34 12.43
21 35 3.07
21 36 4.16
21 37 3.14
21 38 2.19
21 39 11.87
21 40 7.24
21 41 4.82
21 42 7.90
21 43 4.16
21 44 9.49
21 45 10.72
21 46 4.37
21 47 11.84
21 48 2.37
21 49 3.50
22 23 3.04
22 24 14.58
22 25 5.38
22 26 13.89
22 27 18.96
22 28 12.03
22 29 13.73
22 30 4.25
22 31 4.81
22 32 12.05
22 33 5.47
22 34 4.21
22 35 11.97
22 36 12.60
22 37 9.99
22 38 8.97
22 39 10.40
22 40 14.30
22 41 11.66
22 42 16.60
22 43 6.76
22 44 10.04
22 45 13.74
22 46 10.01
22 47 3.16
22 48 7.31
22 49 10.16
23 24 11.54
23 25 6.90
23 26 11.98
23 27 16.07
23 28 9.64
23 29 11.77
23 30 1.21
23 31 2.49
23 32 9.50
23 33 5.13
23 34 5.77
23 35 9.70
23 36 10.72
23 37 7.16
23 38 7.38
23 39 8.29
23 40 11.33
23 41 10.38
23 42 13.97
23 43 3.79
23 44 7.36
23 45 13.92
23 46 7.03
23 47 6.18
23 48 5.75
23 49 8.80
24 25 16.83
24 26 10.94
24 27 6.35
24 28 7.83
24 29 10.61
24 30 10.33
24 31 10.56
24 32 6.85
24 33 13.56
24 34 16.21
24 35 8.48
24 36 10.58
24 37 5.78
24 38 10.98
24 39 9.53
24 40 2.53
24 41 12.80
24 42 7.38
24 43 7.94
24 44 6.94
24 45 19.31
24 46 4.93
24 47 17.71
24 48 11.01
24 49 11.99
25 26 12.16
25 27 19.67
25 28 11.65
25 29 12.13
25 30 7.64
25 31 9.35
25 32 12.10
25 33 10.83
25 34 9.26
25 35 11.31
25 36 10.98
25 37 11.24
25 38 7.51
25 39 15.17
25 40 15.75
25 41 9.03
25 42 16.46
25 43 9.16
25 44 14.14
25 45 8.85
25 46 11.90
25 47 5.96
25 48 6.40
25 49 7.96
26 27 9.64
26 28 3.40
26 29 0.34
26 30 11.23
26 31 13.28
26 32 4.31
26 33 16.84
26 34 17.68
26 35 2.88
26 36 1.29
26 37 6.96
26 38 4.97
26 39 16.74
26 40 8.52
26 41 3.46
26 42 5.65
26 43 9.42
26 44 14.11
26 45 9.63
26 46 8.30
26 47 16.56
26 48 6.59
26 49 4.20
27 28 8.19
27 29 9.39
27 30 14.89
27 31 15.83
27 32 7.59
27 33 19.20
27 34 21.45
27 35 8.68
27 36 10.06
27 37 8.97
27 38 12.42
27 39 15.83
27 40 4.96
27 41 12.76
27 42 4.00
27 43 12.30
27 44 13.14
27 45 19.25
27 46 9.11
27 47 22.11
27 48 13.27
27 49 12.71
28 29 3.07
28 30 8.68
28 31 10.50
28 32 0.98
28 33 14.12
28 34 15.41
28 35 0.65
28 36 2.76
28 37 3.62
28 38 4.24
28 39 13.43
28 40 5.59
28 41 5.06
28 42 4.82
28 43 6.50
28 44 10.76
28 45 11.69
28 46 4.93
28 47 14.99
28 48 5.30
28 49 4.61
29 30 10.99
29 31 13.03
29 32 3.97
29 33 16.59
29 34 17.48
29 35 2.56
29 36 1.16
29 37 6.64
29 38 4.85
29 39 16.42
29 40 8.18
29 41 3.58
29 42 5.42
29 43 9.14
29 44 13.79
29 45 9.86
29 46 7.98
29 47 16.44
29 48 6.45
29 49 4.18
30 31 2.32
30 32 8.47
30 33 5.63
30 34 6.78
30 35 8.80
30 36 9.98
30 37 6.01
30 38 6.86
30 39 7.77
30 40 10.12
30 41 9.92
30 42 12.89
30 43 2.59
30 44 6.50
30 45 14.01
30 46 5.83
30 47 7.39
30 48 5.33
30 49 8.35
31 32 10.13
31 33 3.63
31 34 5.67
31 35 10.70
31 36 12.08
31 37 7.37
31 38 9.13
31 39 5.82
31 40 10.90
31 41 12.20
31 42 14.32
31 43 4.01
31 44 5.24
31 45 16.27
31 46 6.78
31 47 7.57
31 48 7.63
31 49 10.63
32 33 13.76
32 34 15.24
32 35 1.62
32 36 3.74
32 37 2.95
32 38 4.87
32 39 12.71
32 40 4.64
32 41 6.01
32 42 4.57
32 43 6.12
32 44 9.99
32 45 12.62
32 46 4.15
32 47 15.08
32 48 5.70
32 49 5.44
33 34 3.28
33 35 14.31
33 36 15.61
33 37 10.98
33 38 12.46
33 39 6.12
33 40 14.25
33 41 15.49
33 42 17.91
33 43 7.64
33 44 7.13
33 45 18.82
33 46 10.29
33 47 6.86
33 48 10.86
33 49 13.91
34 35 15.47
34 36 16.40
34 37 12.74
34 38 12.89
34 39 9.40
34 40 16.54
34 41 15.73
34 42 19.66
34 43 9.28
34 44 10.21
34 45 17.89
34 46 12.35
34 47 4.07
34 48 11.22
34 49 14.19
35 36 2.14
35 37 4.08
35 38 3.83
35 39 13.87
35 40 6.24
35 41 4.43
35 42 5.15
35 43 6.74
35 44 11.23
35 45 11.06
35 46 5.43
35 47 14.88
35 48 5.04
35 49 4.05
36 37 6.08
36 38 3.69
36 39 15.74
36 40 8.27
36 41 2.70
36 42 6.18
36 43 8.27
36 44 13.18
36 45 9.26
36 46 7.45
36 47 15.28
36 48 5.30
36 49 3.06
37 38 5.32
37 39 9.81
37 40 4.53
37 41 7.63
37 42 6.95
37 43 3.46
37 44 7.15
37 45 13.82
37 46 1.38
37 47 13.14
37 48 5.23
37 49 6.52
38 39 13.67
38 40 9.21
38 41 3.07
38 42 8.99
38 43 5.84
38 44 11.45
38 45 8.54
38 46 6.55
38 47 11.59
38 48 1.68
38 49 1.53
39 40 11.15
39 41 16.64
39 42 15.79
39 43 7.83
39 44 2.80
39 45 21.62
39 46 8.56
39 47 12.66
39 48 12.49
39 49 15.18
40 41 10.65
40 42 4.95
40 43 7.55
40 44 8.38
40 45 17.26
40 46 4.30
40 47 17.46
40 48 9.56
40 49 10.02
41 42 8.88
41 43 8.84
41 44 14.31
41 45 6.64
41 46 8.98
41 47 13.99
41 48 4.63
41 49 1.58
42 43 10.40
42 44 12.98
42 45 15.28
42 46 7.67
42 47 19.65
42 48 10.12
42 49 9.02
43 44 5.73
43 45 13.98
43 46 3.25
43 47 9.92
43 48 4.74
43 49 7.36
44 45 19.71
44 46 5.85
44 47 12.77
44 48 10.47
44 49 12.92
45 46 15.09
45 47 14.81
45 48 9.25
45 49 7.34
46 47 13.17
46 48 6.24
46 49 7.82
47 48 10.00
47 49 12.60
48 49 3.05